filename,y_true,probs
/tmp/unfreezing_ablation_full_b6sv4h5s/data/PhysioNet2022/training_data/13918_AV.wav,1.0,0.99964345
/tmp/unfreezing_ablation_full_b6sv4h5s/data/PhysioNet2022/training_data/13918_MV.wav,1.0,0.99992895
/tmp/unfreezing_ablation_full_b6sv4h5s/data/PhysioNet2022/training_data/13918_PV.wav,1.0,0.9999225
/tmp/unfreezing_ablation_full_b6sv4h5s/data/PhysioNet2022/training_data/13918_TV.wav,1.0,0.9899412
/tmp/unfreezing_ablation_full_b6sv4h5s/data/PhysioNet2022/training_data/14998_AV.wav,1.0,0.9999317
/tmp/unfreezing_ablation_full_b6sv4h5s/data/PhysioNet2022/training_data/14998_MV.wav,1.0,0.9999505
/tmp/unfreezing_ablation_full_b6sv4h5s/data/PhysioNet2022/training_data/14998_PV.wav,1.0,0.9998926
/tmp/unfreezing_ablation_full_b6sv4h5s/data/PhysioNet2022/training_data/14998_TV.wav,1.0,0.9999162
/tmp/unfreezing_ablation_full_b6sv4h5s/data/PhysioNet2022/training_data/2530_AV.wav,1.0,0.9997285
/tmp/unfreezing_ablation_full_b6sv4h5s/data/PhysioNet2022/training_data/2530_MV.wav,1.0,0.99993324
/tmp/unfreezing_ablation_full_b6sv4h5s/data/PhysioNet2022/training_data/2530_PV.wav,1.0,0.9998348
/tmp/unfreezing_ablation_full_b6sv4h5s/data/PhysioNet2022/training_data/2530_TV.wav,1.0,0.9999571
/tmp/unfreezing_ablation_full_b6sv4h5s/data/PhysioNet2022/training_data/29045_AV.wav,1.0,0.9999025
/tmp/unfreezing_ablation_full_b6sv4h5s/data/PhysioNet2022/training_data/29045_MV.wav,1.0,0.9998696
/tmp/unfreezing_ablation_full_b6sv4h5s/data/PhysioNet2022/training_data/29045_PV.wav,1.0,0.9955166
/tmp/unfreezing_ablation_full_b6sv4h5s/data/PhysioNet2022/training_data/29045_TV.wav,1.0,0.9999149
/tmp/unfreezing_ablation_full_b6sv4h5s/data/PhysioNet2022/training_data/29378_AV.wav,1.0,0.9989625
/tmp/unfreezing_ablation_full_b6sv4h5s/data/PhysioNet2022/training_data/29378_MV.wav,1.0,0.94951963
/tmp/unfreezing_ablation_full_b6sv4h5s/data/PhysioNet2022/training_data/36327_AV.wav,1.0,0.99993753
/tmp/unfreezing_ablation_full_b6sv4h5s/data/PhysioNet2022/training_data/36327_MV.wav,1.0,0.99991524
/tmp/unfreezing_ablation_full_b6sv4h5s/data/PhysioNet2022/training_data/36327_PV.wav,1.0,0.99994636
/tmp/unfreezing_ablation_full_b6sv4h5s/data/PhysioNet2022/training_data/36327_TV.wav,1.0,0.999879
/tmp/unfreezing_ablation_full_b6sv4h5s/data/PhysioNet2022/training_data/39043_AV.wav,1.0,0.9973617
/tmp/unfreezing_ablation_full_b6sv4h5s/data/PhysioNet2022/training_data/39043_MV.wav,1.0,0.99996316
/tmp/unfreezing_ablation_full_b6sv4h5s/data/PhysioNet2022/training_data/39043_PV.wav,1.0,0.9999411
/tmp/unfreezing_ablation_full_b6sv4h5s/data/PhysioNet2022/training_data/39043_TV.wav,1.0,0.9999541
/tmp/unfreezing_ablation_full_b6sv4h5s/data/PhysioNet2022/training_data/43852_AV.wav,1.0,0.9997564
/tmp/unfreezing_ablation_full_b6sv4h5s/data/PhysioNet2022/training_data/43852_MV.wav,1.0,0.99987984
/tmp/unfreezing_ablation_full_b6sv4h5s/data/PhysioNet2022/training_data/43852_PV.wav,1.0,0.9999232
/tmp/unfreezing_ablation_full_b6sv4h5s/data/PhysioNet2022/training_data/43852_TV.wav,1.0,0.9997733
/tmp/unfreezing_ablation_full_b6sv4h5s/data/PhysioNet2022/training_data/46778_MV.wav,1.0,0.99994266
/tmp/unfreezing_ablation_full_b6sv4h5s/data/PhysioNet2022/training_data/47002_AV.wav,1.0,0.9999347
/tmp/unfreezing_ablation_full_b6sv4h5s/data/PhysioNet2022/training_data/47002_MV.wav,1.0,0.9999434
/tmp/unfreezing_ablation_full_b6sv4h5s/data/PhysioNet2022/training_data/49562_AV.wav,1.0,0.9995684
/tmp/unfreezing_ablation_full_b6sv4h5s/data/PhysioNet2022/training_data/49562_MV.wav,1.0,0.99992716
/tmp/unfreezing_ablation_full_b6sv4h5s/data/PhysioNet2022/training_data/49562_PV.wav,1.0,0.9998878
/tmp/unfreezing_ablation_full_b6sv4h5s/data/PhysioNet2022/training_data/49562_TV.wav,1.0,0.99994886
/tmp/unfreezing_ablation_full_b6sv4h5s/data/PhysioNet2022/training_data/49568_AV.wav,1.0,0.9999156
/tmp/unfreezing_ablation_full_b6sv4h5s/data/PhysioNet2022/training_data/49568_MV.wav,1.0,0.9999665
/tmp/unfreezing_ablation_full_b6sv4h5s/data/PhysioNet2022/training_data/49568_PV.wav,1.0,0.9999045
/tmp/unfreezing_ablation_full_b6sv4h5s/data/PhysioNet2022/training_data/49568_TV.wav,1.0,0.9999466
/tmp/unfreezing_ablation_full_b6sv4h5s/data/PhysioNet2022/training_data/49628_AV.wav,1.0,0.99987423
/tmp/unfreezing_ablation_full_b6sv4h5s/data/PhysioNet2022/training_data/49628_MV.wav,1.0,0.99965596
/tmp/unfreezing_ablation_full_b6sv4h5s/data/PhysioNet2022/training_data/49628_PV.wav,1.0,0.9975067
/tmp/unfreezing_ablation_full_b6sv4h5s/data/PhysioNet2022/training_data/49628_TV.wav,1.0,0.99167657
/tmp/unfreezing_ablation_full_b6sv4h5s/data/PhysioNet2022/training_data/49683_AV.wav,1.0,0.99989605
/tmp/unfreezing_ablation_full_b6sv4h5s/data/PhysioNet2022/training_data/49683_MV.wav,1.0,0.9999312
/tmp/unfreezing_ablation_full_b6sv4h5s/data/PhysioNet2022/training_data/49683_PV.wav,1.0,0.99986255
/tmp/unfreezing_ablation_full_b6sv4h5s/data/PhysioNet2022/training_data/49683_TV.wav,1.0,0.99971515
/tmp/unfreezing_ablation_full_b6sv4h5s/data/PhysioNet2022/training_data/49704_AV.wav,1.0,0.9999337
/tmp/unfreezing_ablation_full_b6sv4h5s/data/PhysioNet2022/training_data/49704_MV.wav,1.0,0.9998197
/tmp/unfreezing_ablation_full_b6sv4h5s/data/PhysioNet2022/training_data/49712_AV.wav,1.0,0.9999298
/tmp/unfreezing_ablation_full_b6sv4h5s/data/PhysioNet2022/training_data/49712_MV.wav,1.0,0.9997476
/tmp/unfreezing_ablation_full_b6sv4h5s/data/PhysioNet2022/training_data/49712_PV.wav,1.0,0.92521685
/tmp/unfreezing_ablation_full_b6sv4h5s/data/PhysioNet2022/training_data/49712_TV.wav,1.0,0.99990284
/tmp/unfreezing_ablation_full_b6sv4h5s/data/PhysioNet2022/training_data/49719_AV.wav,1.0,0.99995124
/tmp/unfreezing_ablation_full_b6sv4h5s/data/PhysioNet2022/training_data/49719_MV.wav,1.0,0.99994147
/tmp/unfreezing_ablation_full_b6sv4h5s/data/PhysioNet2022/training_data/49719_PV.wav,1.0,0.99992394
/tmp/unfreezing_ablation_full_b6sv4h5s/data/PhysioNet2022/training_data/49719_TV.wav,1.0,0.99989474
/tmp/unfreezing_ablation_full_b6sv4h5s/data/PhysioNet2022/training_data/49745_AV.wav,1.0,0.99991393
/tmp/unfreezing_ablation_full_b6sv4h5s/data/PhysioNet2022/training_data/49745_MV.wav,1.0,0.9999682
/tmp/unfreezing_ablation_full_b6sv4h5s/data/PhysioNet2022/training_data/49745_PV.wav,1.0,0.9999434
/tmp/unfreezing_ablation_full_b6sv4h5s/data/PhysioNet2022/training_data/49745_TV.wav,1.0,0.9988072
/tmp/unfreezing_ablation_full_b6sv4h5s/data/PhysioNet2022/training_data/49751_AV.wav,1.0,0.9999535
/tmp/unfreezing_ablation_full_b6sv4h5s/data/PhysioNet2022/training_data/49751_MV.wav,1.0,0.99995244
/tmp/unfreezing_ablation_full_b6sv4h5s/data/PhysioNet2022/training_data/49751_PV.wav,1.0,0.99995565
/tmp/unfreezing_ablation_full_b6sv4h5s/data/PhysioNet2022/training_data/49751_TV.wav,1.0,0.99994576
/tmp/unfreezing_ablation_full_b6sv4h5s/data/PhysioNet2022/training_data/49829_AV.wav,1.0,0.99994445
/tmp/unfreezing_ablation_full_b6sv4h5s/data/PhysioNet2022/training_data/49829_MV.wav,1.0,0.99995434
/tmp/unfreezing_ablation_full_b6sv4h5s/data/PhysioNet2022/training_data/49829_PV.wav,1.0,0.99994123
/tmp/unfreezing_ablation_full_b6sv4h5s/data/PhysioNet2022/training_data/49829_TV.wav,1.0,0.9999424
/tmp/unfreezing_ablation_full_b6sv4h5s/data/PhysioNet2022/training_data/49842_AV.wav,1.0,0.9999254
/tmp/unfreezing_ablation_full_b6sv4h5s/data/PhysioNet2022/training_data/49842_MV.wav,1.0,0.99994266
/tmp/unfreezing_ablation_full_b6sv4h5s/data/PhysioNet2022/training_data/49842_PV.wav,1.0,0.9999443
/tmp/unfreezing_ablation_full_b6sv4h5s/data/PhysioNet2022/training_data/49842_TV.wav,1.0,0.99991274
/tmp/unfreezing_ablation_full_b6sv4h5s/data/PhysioNet2022/training_data/49896_AV.wav,1.0,0.999767
/tmp/unfreezing_ablation_full_b6sv4h5s/data/PhysioNet2022/training_data/49896_MV.wav,1.0,0.9999473
/tmp/unfreezing_ablation_full_b6sv4h5s/data/PhysioNet2022/training_data/49896_PV.wav,1.0,0.9999181
/tmp/unfreezing_ablation_full_b6sv4h5s/data/PhysioNet2022/training_data/49896_TV.wav,1.0,0.9998838
/tmp/unfreezing_ablation_full_b6sv4h5s/data/PhysioNet2022/training_data/49900_AV.wav,1.0,0.9999021
/tmp/unfreezing_ablation_full_b6sv4h5s/data/PhysioNet2022/training_data/49900_MV.wav,1.0,0.9993631
/tmp/unfreezing_ablation_full_b6sv4h5s/data/PhysioNet2022/training_data/49930_AV.wav,1.0,0.9999238
/tmp/unfreezing_ablation_full_b6sv4h5s/data/PhysioNet2022/training_data/49930_MV.wav,1.0,0.9999372
/tmp/unfreezing_ablation_full_b6sv4h5s/data/PhysioNet2022/training_data/49930_PV.wav,1.0,0.99992883
/tmp/unfreezing_ablation_full_b6sv4h5s/data/PhysioNet2022/training_data/49930_TV.wav,1.0,0.9999291
/tmp/unfreezing_ablation_full_b6sv4h5s/data/PhysioNet2022/training_data/49931_AV.wav,1.0,0.9999118
/tmp/unfreezing_ablation_full_b6sv4h5s/data/PhysioNet2022/training_data/49931_PV.wav,1.0,0.9999318
/tmp/unfreezing_ablation_full_b6sv4h5s/data/PhysioNet2022/training_data/49931_TV.wav,1.0,0.9999151
/tmp/unfreezing_ablation_full_b6sv4h5s/data/PhysioNet2022/training_data/49946_MV.wav,1.0,0.99995565
/tmp/unfreezing_ablation_full_b6sv4h5s/data/PhysioNet2022/training_data/49946_PV.wav,1.0,0.9999018
/tmp/unfreezing_ablation_full_b6sv4h5s/data/PhysioNet2022/training_data/49946_TV.wav,1.0,0.9997477
/tmp/unfreezing_ablation_full_b6sv4h5s/data/PhysioNet2022/training_data/49968_MV.wav,1.0,0.9998915
/tmp/unfreezing_ablation_full_b6sv4h5s/data/PhysioNet2022/training_data/49968_PV.wav,1.0,0.9999174
/tmp/unfreezing_ablation_full_b6sv4h5s/data/PhysioNet2022/training_data/49968_TV.wav,1.0,0.999943
/tmp/unfreezing_ablation_full_b6sv4h5s/data/PhysioNet2022/training_data/49983_AV.wav,1.0,0.99993324
/tmp/unfreezing_ablation_full_b6sv4h5s/data/PhysioNet2022/training_data/49983_MV.wav,1.0,0.999948
/tmp/unfreezing_ablation_full_b6sv4h5s/data/PhysioNet2022/training_data/49983_PV.wav,1.0,0.99995685
/tmp/unfreezing_ablation_full_b6sv4h5s/data/PhysioNet2022/training_data/49983_TV.wav,1.0,0.99994814
/tmp/unfreezing_ablation_full_b6sv4h5s/data/PhysioNet2022/training_data/49989_MV.wav,1.0,0.9997973
/tmp/unfreezing_ablation_full_b6sv4h5s/data/PhysioNet2022/training_data/49989_PV.wav,1.0,0.99963725
/tmp/unfreezing_ablation_full_b6sv4h5s/data/PhysioNet2022/training_data/50001_AV.wav,1.0,0.99995303
/tmp/unfreezing_ablation_full_b6sv4h5s/data/PhysioNet2022/training_data/50001_MV.wav,1.0,0.99995685
/tmp/unfreezing_ablation_full_b6sv4h5s/data/PhysioNet2022/training_data/50001_PV.wav,1.0,0.9998934
/tmp/unfreezing_ablation_full_b6sv4h5s/data/PhysioNet2022/training_data/50001_TV.wav,1.0,0.9999596
/tmp/unfreezing_ablation_full_b6sv4h5s/data/PhysioNet2022/training_data/50017_AV.wav,1.0,0.9999151
/tmp/unfreezing_ablation_full_b6sv4h5s/data/PhysioNet2022/training_data/50017_MV.wav,1.0,0.9999646
/tmp/unfreezing_ablation_full_b6sv4h5s/data/PhysioNet2022/training_data/50017_PV.wav,1.0,0.99994457
/tmp/unfreezing_ablation_full_b6sv4h5s/data/PhysioNet2022/training_data/50017_TV.wav,1.0,0.9999454
/tmp/unfreezing_ablation_full_b6sv4h5s/data/PhysioNet2022/training_data/50049_AV.wav,1.0,0.99996173
/tmp/unfreezing_ablation_full_b6sv4h5s/data/PhysioNet2022/training_data/50049_MV.wav,1.0,0.99995863
/tmp/unfreezing_ablation_full_b6sv4h5s/data/PhysioNet2022/training_data/50049_PV.wav,1.0,0.99995494
/tmp/unfreezing_ablation_full_b6sv4h5s/data/PhysioNet2022/training_data/50049_TV.wav,1.0,0.9999522
/tmp/unfreezing_ablation_full_b6sv4h5s/data/PhysioNet2022/training_data/50053_AV.wav,1.0,0.9999428
/tmp/unfreezing_ablation_full_b6sv4h5s/data/PhysioNet2022/training_data/50053_PV.wav,1.0,0.9999161
/tmp/unfreezing_ablation_full_b6sv4h5s/data/PhysioNet2022/training_data/50053_TV.wav,1.0,0.99991214
/tmp/unfreezing_ablation_full_b6sv4h5s/data/PhysioNet2022/training_data/50054_AV.wav,1.0,0.9999206
/tmp/unfreezing_ablation_full_b6sv4h5s/data/PhysioNet2022/training_data/50054_MV.wav,1.0,0.9999523
/tmp/unfreezing_ablation_full_b6sv4h5s/data/PhysioNet2022/training_data/50054_PV.wav,1.0,0.9998827
/tmp/unfreezing_ablation_full_b6sv4h5s/data/PhysioNet2022/training_data/50054_TV.wav,1.0,0.99989986
/tmp/unfreezing_ablation_full_b6sv4h5s/data/PhysioNet2022/training_data/50057_MV.wav,1.0,0.9999529
/tmp/unfreezing_ablation_full_b6sv4h5s/data/PhysioNet2022/training_data/50057_PV.wav,1.0,0.99995816
/tmp/unfreezing_ablation_full_b6sv4h5s/data/PhysioNet2022/training_data/50057_TV.wav,1.0,0.9999622
/tmp/unfreezing_ablation_full_b6sv4h5s/data/PhysioNet2022/training_data/50072_MV.wav,1.0,0.999913
/tmp/unfreezing_ablation_full_b6sv4h5s/data/PhysioNet2022/training_data/50072_PV.wav,1.0,0.89902043
/tmp/unfreezing_ablation_full_b6sv4h5s/data/PhysioNet2022/training_data/50072_TV.wav,1.0,0.9999448
/tmp/unfreezing_ablation_full_b6sv4h5s/data/PhysioNet2022/training_data/50077_MV.wav,1.0,0.9482695
/tmp/unfreezing_ablation_full_b6sv4h5s/data/PhysioNet2022/training_data/50078_AV.wav,1.0,0.99984646
/tmp/unfreezing_ablation_full_b6sv4h5s/data/PhysioNet2022/training_data/50078_MV.wav,1.0,0.9999343
/tmp/unfreezing_ablation_full_b6sv4h5s/data/PhysioNet2022/training_data/50078_PV.wav,1.0,0.9999443
/tmp/unfreezing_ablation_full_b6sv4h5s/data/PhysioNet2022/training_data/50078_TV.wav,1.0,0.99994874
/tmp/unfreezing_ablation_full_b6sv4h5s/data/PhysioNet2022/training_data/50085_AV.wav,1.0,0.9999305
/tmp/unfreezing_ablation_full_b6sv4h5s/data/PhysioNet2022/training_data/50085_MV.wav,1.0,0.9999459
/tmp/unfreezing_ablation_full_b6sv4h5s/data/PhysioNet2022/training_data/50085_PV.wav,1.0,0.9999567
/tmp/unfreezing_ablation_full_b6sv4h5s/data/PhysioNet2022/training_data/50085_TV.wav,1.0,0.99985206
/tmp/unfreezing_ablation_full_b6sv4h5s/data/PhysioNet2022/training_data/50100_AV.wav,1.0,0.99991417
/tmp/unfreezing_ablation_full_b6sv4h5s/data/PhysioNet2022/training_data/50100_MV.wav,1.0,0.9999436
/tmp/unfreezing_ablation_full_b6sv4h5s/data/PhysioNet2022/training_data/50117_MV.wav,1.0,0.9999443
/tmp/unfreezing_ablation_full_b6sv4h5s/data/PhysioNet2022/training_data/50117_PV.wav,1.0,0.999928
/tmp/unfreezing_ablation_full_b6sv4h5s/data/PhysioNet2022/training_data/50117_TV.wav,1.0,0.99975437
/tmp/unfreezing_ablation_full_b6sv4h5s/data/PhysioNet2022/training_data/50123_MV.wav,1.0,0.9999211
/tmp/unfreezing_ablation_full_b6sv4h5s/data/PhysioNet2022/training_data/50127_AV.wav,1.0,0.9999604
/tmp/unfreezing_ablation_full_b6sv4h5s/data/PhysioNet2022/training_data/50127_MV.wav,1.0,0.9999567
/tmp/unfreezing_ablation_full_b6sv4h5s/data/PhysioNet2022/training_data/50127_PV.wav,1.0,0.99992096
/tmp/unfreezing_ablation_full_b6sv4h5s/data/PhysioNet2022/training_data/50127_TV.wav,1.0,0.9999397
/tmp/unfreezing_ablation_full_b6sv4h5s/data/PhysioNet2022/training_data/50128_AV.wav,1.0,0.9999329
/tmp/unfreezing_ablation_full_b6sv4h5s/data/PhysioNet2022/training_data/50128_MV.wav,1.0,0.99996066
/tmp/unfreezing_ablation_full_b6sv4h5s/data/PhysioNet2022/training_data/50128_PV.wav,1.0,0.9999521
/tmp/unfreezing_ablation_full_b6sv4h5s/data/PhysioNet2022/training_data/50128_TV.wav,1.0,0.999928
/tmp/unfreezing_ablation_full_b6sv4h5s/data/PhysioNet2022/training_data/50143_PV.wav,1.0,0.9998617
/tmp/unfreezing_ablation_full_b6sv4h5s/data/PhysioNet2022/training_data/50143_TV.wav,1.0,0.99985564
/tmp/unfreezing_ablation_full_b6sv4h5s/data/PhysioNet2022/training_data/50150_AV.wav,1.0,0.99991333
/tmp/unfreezing_ablation_full_b6sv4h5s/data/PhysioNet2022/training_data/50150_MV.wav,1.0,0.9999007
/tmp/unfreezing_ablation_full_b6sv4h5s/data/PhysioNet2022/training_data/50150_PV.wav,1.0,0.9997317
/tmp/unfreezing_ablation_full_b6sv4h5s/data/PhysioNet2022/training_data/50150_TV.wav,1.0,0.99990845
/tmp/unfreezing_ablation_full_b6sv4h5s/data/PhysioNet2022/training_data/50164_MV.wav,1.0,0.99992144
/tmp/unfreezing_ablation_full_b6sv4h5s/data/PhysioNet2022/training_data/50164_PV.wav,1.0,0.99988365
/tmp/unfreezing_ablation_full_b6sv4h5s/data/PhysioNet2022/training_data/50164_TV.wav,1.0,0.9999505
/tmp/unfreezing_ablation_full_b6sv4h5s/data/PhysioNet2022/training_data/50168_MV.wav,1.0,0.99994993
/tmp/unfreezing_ablation_full_b6sv4h5s/data/PhysioNet2022/training_data/50168_PV.wav,1.0,0.99996746
/tmp/unfreezing_ablation_full_b6sv4h5s/data/PhysioNet2022/training_data/50168_TV.wav,1.0,0.99996114
/tmp/unfreezing_ablation_full_b6sv4h5s/data/PhysioNet2022/training_data/50214_AV.wav,1.0,0.99993825
/tmp/unfreezing_ablation_full_b6sv4h5s/data/PhysioNet2022/training_data/50214_MV.wav,1.0,0.999923
/tmp/unfreezing_ablation_full_b6sv4h5s/data/PhysioNet2022/training_data/50222_PV.wav,1.0,0.9999356
/tmp/unfreezing_ablation_full_b6sv4h5s/data/PhysioNet2022/training_data/50222_TV.wav,1.0,0.99995756
/tmp/unfreezing_ablation_full_b6sv4h5s/data/PhysioNet2022/training_data/50225_AV.wav,1.0,0.9999453
/tmp/unfreezing_ablation_full_b6sv4h5s/data/PhysioNet2022/training_data/50225_MV.wav,1.0,0.9998286
/tmp/unfreezing_ablation_full_b6sv4h5s/data/PhysioNet2022/training_data/50225_PV.wav,1.0,0.999801
/tmp/unfreezing_ablation_full_b6sv4h5s/data/PhysioNet2022/training_data/50225_TV.wav,1.0,0.99980444
/tmp/unfreezing_ablation_full_b6sv4h5s/data/PhysioNet2022/training_data/50241_MV.wav,1.0,0.99995375
/tmp/unfreezing_ablation_full_b6sv4h5s/data/PhysioNet2022/training_data/50254_AV.wav,1.0,0.9998153
/tmp/unfreezing_ablation_full_b6sv4h5s/data/PhysioNet2022/training_data/50254_MV.wav,1.0,0.9999602
/tmp/unfreezing_ablation_full_b6sv4h5s/data/PhysioNet2022/training_data/50254_PV.wav,1.0,0.999946
/tmp/unfreezing_ablation_full_b6sv4h5s/data/PhysioNet2022/training_data/50254_TV.wav,1.0,0.9999702
/tmp/unfreezing_ablation_full_b6sv4h5s/data/PhysioNet2022/training_data/50255_AV.wav,1.0,0.9998872
/tmp/unfreezing_ablation_full_b6sv4h5s/data/PhysioNet2022/training_data/50255_MV.wav,1.0,0.9997999
/tmp/unfreezing_ablation_full_b6sv4h5s/data/PhysioNet2022/training_data/50264_AV.wav,1.0,0.99991393
/tmp/unfreezing_ablation_full_b6sv4h5s/data/PhysioNet2022/training_data/50264_MV.wav,1.0,0.9999269
/tmp/unfreezing_ablation_full_b6sv4h5s/data/PhysioNet2022/training_data/50276_AV.wav,1.0,0.9999466
/tmp/unfreezing_ablation_full_b6sv4h5s/data/PhysioNet2022/training_data/50276_MV.wav,1.0,0.9999114
/tmp/unfreezing_ablation_full_b6sv4h5s/data/PhysioNet2022/training_data/50276_PV.wav,1.0,0.99988997
/tmp/unfreezing_ablation_full_b6sv4h5s/data/PhysioNet2022/training_data/50276_TV.wav,1.0,0.99993134
/tmp/unfreezing_ablation_full_b6sv4h5s/data/PhysioNet2022/training_data/50297_AV.wav,1.0,0.9999473
/tmp/unfreezing_ablation_full_b6sv4h5s/data/PhysioNet2022/training_data/50297_MV.wav,1.0,0.9999037
/tmp/unfreezing_ablation_full_b6sv4h5s/data/PhysioNet2022/training_data/50297_PV.wav,1.0,0.9998066
/tmp/unfreezing_ablation_full_b6sv4h5s/data/PhysioNet2022/training_data/50297_TV.wav,1.0,0.9999274
/tmp/unfreezing_ablation_full_b6sv4h5s/data/PhysioNet2022/training_data/50321_AV_1.wav,1.0,0.9999379
/tmp/unfreezing_ablation_full_b6sv4h5s/data/PhysioNet2022/training_data/50321_AV_2.wav,1.0,0.9999536
/tmp/unfreezing_ablation_full_b6sv4h5s/data/PhysioNet2022/training_data/50321_MV_1.wav,1.0,0.9998815
/tmp/unfreezing_ablation_full_b6sv4h5s/data/PhysioNet2022/training_data/50321_MV_2.wav,1.0,0.9999552
/tmp/unfreezing_ablation_full_b6sv4h5s/data/PhysioNet2022/training_data/50334_AV.wav,1.0,0.99988425
/tmp/unfreezing_ablation_full_b6sv4h5s/data/PhysioNet2022/training_data/50334_MV.wav,1.0,0.9999366
/tmp/unfreezing_ablation_full_b6sv4h5s/data/PhysioNet2022/training_data/50334_PV.wav,1.0,0.9999317
/tmp/unfreezing_ablation_full_b6sv4h5s/data/PhysioNet2022/training_data/50334_TV.wav,1.0,0.9999325
/tmp/unfreezing_ablation_full_b6sv4h5s/data/PhysioNet2022/training_data/50336_MV.wav,1.0,0.99986315
/tmp/unfreezing_ablation_full_b6sv4h5s/data/PhysioNet2022/training_data/50336_PV.wav,1.0,0.9999492
/tmp/unfreezing_ablation_full_b6sv4h5s/data/PhysioNet2022/training_data/50336_TV.wav,1.0,0.999962
/tmp/unfreezing_ablation_full_b6sv4h5s/data/PhysioNet2022/training_data/50342_AV.wav,1.0,0.999912
/tmp/unfreezing_ablation_full_b6sv4h5s/data/PhysioNet2022/training_data/50342_MV.wav,1.0,0.99992645
/tmp/unfreezing_ablation_full_b6sv4h5s/data/PhysioNet2022/training_data/50345_MV.wav,1.0,0.99995494
/tmp/unfreezing_ablation_full_b6sv4h5s/data/PhysioNet2022/training_data/50345_PV.wav,1.0,0.99994326
/tmp/unfreezing_ablation_full_b6sv4h5s/data/PhysioNet2022/training_data/50345_TV.wav,1.0,0.99995303
/tmp/unfreezing_ablation_full_b6sv4h5s/data/PhysioNet2022/training_data/50354_AV.wav,1.0,0.99995065
/tmp/unfreezing_ablation_full_b6sv4h5s/data/PhysioNet2022/training_data/50354_MV.wav,1.0,0.9999478
/tmp/unfreezing_ablation_full_b6sv4h5s/data/PhysioNet2022/training_data/50354_PV.wav,1.0,0.9999447
/tmp/unfreezing_ablation_full_b6sv4h5s/data/PhysioNet2022/training_data/50354_TV.wav,1.0,0.999948
/tmp/unfreezing_ablation_full_b6sv4h5s/data/PhysioNet2022/training_data/50359_AV.wav,1.0,0.9998864
/tmp/unfreezing_ablation_full_b6sv4h5s/data/PhysioNet2022/training_data/50359_MV.wav,1.0,0.9999186
/tmp/unfreezing_ablation_full_b6sv4h5s/data/PhysioNet2022/training_data/50359_PV.wav,1.0,0.99991906
/tmp/unfreezing_ablation_full_b6sv4h5s/data/PhysioNet2022/training_data/50359_TV.wav,1.0,0.9999212
/tmp/unfreezing_ablation_full_b6sv4h5s/data/PhysioNet2022/training_data/50385_AV.wav,1.0,0.9467194
/tmp/unfreezing_ablation_full_b6sv4h5s/data/PhysioNet2022/training_data/50385_MV.wav,1.0,0.99993587
/tmp/unfreezing_ablation_full_b6sv4h5s/data/PhysioNet2022/training_data/50385_PV.wav,1.0,0.99994004
/tmp/unfreezing_ablation_full_b6sv4h5s/data/PhysioNet2022/training_data/50385_TV.wav,1.0,0.9999393
/tmp/unfreezing_ablation_full_b6sv4h5s/data/PhysioNet2022/training_data/50386_AV.wav,1.0,0.999956
/tmp/unfreezing_ablation_full_b6sv4h5s/data/PhysioNet2022/training_data/50386_MV.wav,1.0,0.9999554
/tmp/unfreezing_ablation_full_b6sv4h5s/data/PhysioNet2022/training_data/50386_PV.wav,1.0,0.99996626
/tmp/unfreezing_ablation_full_b6sv4h5s/data/PhysioNet2022/training_data/50386_TV.wav,1.0,0.9999498
/tmp/unfreezing_ablation_full_b6sv4h5s/data/PhysioNet2022/training_data/50388_AV.wav,1.0,0.9999474
/tmp/unfreezing_ablation_full_b6sv4h5s/data/PhysioNet2022/training_data/50388_MV.wav,1.0,0.9999652
/tmp/unfreezing_ablation_full_b6sv4h5s/data/PhysioNet2022/training_data/50388_PV.wav,1.0,0.99987113
/tmp/unfreezing_ablation_full_b6sv4h5s/data/PhysioNet2022/training_data/50388_TV.wav,1.0,0.9999585
/tmp/unfreezing_ablation_full_b6sv4h5s/data/PhysioNet2022/training_data/50393_AV.wav,1.0,0.99993443
/tmp/unfreezing_ablation_full_b6sv4h5s/data/PhysioNet2022/training_data/50393_MV.wav,1.0,0.99995255
/tmp/unfreezing_ablation_full_b6sv4h5s/data/PhysioNet2022/training_data/50393_PV.wav,1.0,0.9999318
/tmp/unfreezing_ablation_full_b6sv4h5s/data/PhysioNet2022/training_data/50393_TV.wav,1.0,0.999925
/tmp/unfreezing_ablation_full_b6sv4h5s/data/PhysioNet2022/training_data/50620_PV.wav,1.0,0.999944
/tmp/unfreezing_ablation_full_b6sv4h5s/data/PhysioNet2022/training_data/50620_TV.wav,1.0,0.99992895
/tmp/unfreezing_ablation_full_b6sv4h5s/data/PhysioNet2022/training_data/50624_AV.wav,1.0,0.9999486
/tmp/unfreezing_ablation_full_b6sv4h5s/data/PhysioNet2022/training_data/50624_MV.wav,1.0,0.99993336
/tmp/unfreezing_ablation_full_b6sv4h5s/data/PhysioNet2022/training_data/50624_PV.wav,1.0,0.9999434
/tmp/unfreezing_ablation_full_b6sv4h5s/data/PhysioNet2022/training_data/50624_TV.wav,1.0,0.99994993
/tmp/unfreezing_ablation_full_b6sv4h5s/data/PhysioNet2022/training_data/50626_AV.wav,1.0,0.99992394
/tmp/unfreezing_ablation_full_b6sv4h5s/data/PhysioNet2022/training_data/50626_MV.wav,1.0,0.99992096
/tmp/unfreezing_ablation_full_b6sv4h5s/data/PhysioNet2022/training_data/50636_AV.wav,1.0,0.999624
/tmp/unfreezing_ablation_full_b6sv4h5s/data/PhysioNet2022/training_data/50636_MV.wav,1.0,0.9999347
/tmp/unfreezing_ablation_full_b6sv4h5s/data/PhysioNet2022/training_data/50639_PV.wav,1.0,0.9999466
/tmp/unfreezing_ablation_full_b6sv4h5s/data/PhysioNet2022/training_data/50639_TV.wav,1.0,0.9999174
/tmp/unfreezing_ablation_full_b6sv4h5s/data/PhysioNet2022/training_data/50645_AV.wav,1.0,0.99968374
/tmp/unfreezing_ablation_full_b6sv4h5s/data/PhysioNet2022/training_data/50645_MV.wav,1.0,0.9999573
/tmp/unfreezing_ablation_full_b6sv4h5s/data/PhysioNet2022/training_data/50645_PV.wav,1.0,0.99992526
/tmp/unfreezing_ablation_full_b6sv4h5s/data/PhysioNet2022/training_data/50645_TV.wav,1.0,0.99993813
/tmp/unfreezing_ablation_full_b6sv4h5s/data/PhysioNet2022/training_data/50646_AV.wav,1.0,0.99990284
/tmp/unfreezing_ablation_full_b6sv4h5s/data/PhysioNet2022/training_data/50646_MV.wav,1.0,0.99994373
/tmp/unfreezing_ablation_full_b6sv4h5s/data/PhysioNet2022/training_data/50649_AV.wav,1.0,0.9999614
/tmp/unfreezing_ablation_full_b6sv4h5s/data/PhysioNet2022/training_data/50649_MV.wav,1.0,0.99995506
/tmp/unfreezing_ablation_full_b6sv4h5s/data/PhysioNet2022/training_data/50649_PV.wav,1.0,0.99986243
/tmp/unfreezing_ablation_full_b6sv4h5s/data/PhysioNet2022/training_data/50649_TV.wav,1.0,0.99995506
/tmp/unfreezing_ablation_full_b6sv4h5s/data/PhysioNet2022/training_data/50654_AV.wav,1.0,0.9999199
/tmp/unfreezing_ablation_full_b6sv4h5s/data/PhysioNet2022/training_data/50654_PV.wav,1.0,0.99990773
/tmp/unfreezing_ablation_full_b6sv4h5s/data/PhysioNet2022/training_data/50654_TV.wav,1.0,0.9996766
/tmp/unfreezing_ablation_full_b6sv4h5s/data/PhysioNet2022/training_data/50656_AV.wav,1.0,0.99994063
/tmp/unfreezing_ablation_full_b6sv4h5s/data/PhysioNet2022/training_data/50656_MV.wav,1.0,0.999907
/tmp/unfreezing_ablation_full_b6sv4h5s/data/PhysioNet2022/training_data/50656_PV.wav,1.0,0.99995625
/tmp/unfreezing_ablation_full_b6sv4h5s/data/PhysioNet2022/training_data/50656_TV_1.wav,1.0,0.9999459
/tmp/unfreezing_ablation_full_b6sv4h5s/data/PhysioNet2022/training_data/50656_TV_2.wav,1.0,0.9999323
/tmp/unfreezing_ablation_full_b6sv4h5s/data/PhysioNet2022/training_data/50677_AV.wav,1.0,0.99994016
/tmp/unfreezing_ablation_full_b6sv4h5s/data/PhysioNet2022/training_data/50677_PV.wav,1.0,0.9999347
/tmp/unfreezing_ablation_full_b6sv4h5s/data/PhysioNet2022/training_data/50690_AV.wav,1.0,0.9999398
/tmp/unfreezing_ablation_full_b6sv4h5s/data/PhysioNet2022/training_data/50690_MV_1.wav,1.0,0.9999435
/tmp/unfreezing_ablation_full_b6sv4h5s/data/PhysioNet2022/training_data/50690_MV_2.wav,1.0,0.99991786
/tmp/unfreezing_ablation_full_b6sv4h5s/data/PhysioNet2022/training_data/50690_PV.wav,1.0,0.99995005
/tmp/unfreezing_ablation_full_b6sv4h5s/data/PhysioNet2022/training_data/50690_TV.wav,1.0,0.9999354
/tmp/unfreezing_ablation_full_b6sv4h5s/data/PhysioNet2022/training_data/50704_AV.wav,1.0,0.99994063
/tmp/unfreezing_ablation_full_b6sv4h5s/data/PhysioNet2022/training_data/50704_MV.wav,1.0,0.999943
/tmp/unfreezing_ablation_full_b6sv4h5s/data/PhysioNet2022/training_data/50708_AV.wav,1.0,0.99995756
/tmp/unfreezing_ablation_full_b6sv4h5s/data/PhysioNet2022/training_data/50708_MV.wav,1.0,0.999948
/tmp/unfreezing_ablation_full_b6sv4h5s/data/PhysioNet2022/training_data/50708_PV.wav,1.0,0.9999285
/tmp/unfreezing_ablation_full_b6sv4h5s/data/PhysioNet2022/training_data/50708_TV.wav,1.0,0.999892
/tmp/unfreezing_ablation_full_b6sv4h5s/data/PhysioNet2022/training_data/50715_AV.wav,1.0,0.9998816
/tmp/unfreezing_ablation_full_b6sv4h5s/data/PhysioNet2022/training_data/50715_MV.wav,1.0,0.9999367
/tmp/unfreezing_ablation_full_b6sv4h5s/data/PhysioNet2022/training_data/50715_PV.wav,1.0,0.99991024
/tmp/unfreezing_ablation_full_b6sv4h5s/data/PhysioNet2022/training_data/50715_TV.wav,1.0,0.9999573
/tmp/unfreezing_ablation_full_b6sv4h5s/data/PhysioNet2022/training_data/50723_AV.wav,1.0,0.99992144
/tmp/unfreezing_ablation_full_b6sv4h5s/data/PhysioNet2022/training_data/50723_MV.wav,1.0,0.9998926
/tmp/unfreezing_ablation_full_b6sv4h5s/data/PhysioNet2022/training_data/50723_PV.wav,1.0,0.9999217
/tmp/unfreezing_ablation_full_b6sv4h5s/data/PhysioNet2022/training_data/50723_TV.wav,1.0,0.9999143
/tmp/unfreezing_ablation_full_b6sv4h5s/data/PhysioNet2022/training_data/50727_AV.wav,1.0,0.99993074
/tmp/unfreezing_ablation_full_b6sv4h5s/data/PhysioNet2022/training_data/50727_MV.wav,1.0,0.9999429
/tmp/unfreezing_ablation_full_b6sv4h5s/data/PhysioNet2022/training_data/50731_MV.wav,1.0,0.9999336
/tmp/unfreezing_ablation_full_b6sv4h5s/data/PhysioNet2022/training_data/50731_PV.wav,1.0,0.99994373
/tmp/unfreezing_ablation_full_b6sv4h5s/data/PhysioNet2022/training_data/50731_TV.wav,1.0,0.9991887
/tmp/unfreezing_ablation_full_b6sv4h5s/data/PhysioNet2022/training_data/50732_AV.wav,1.0,0.9996481
/tmp/unfreezing_ablation_full_b6sv4h5s/data/PhysioNet2022/training_data/50732_MV.wav,1.0,0.99995947
/tmp/unfreezing_ablation_full_b6sv4h5s/data/PhysioNet2022/training_data/50732_PV.wav,1.0,0.99989116
/tmp/unfreezing_ablation_full_b6sv4h5s/data/PhysioNet2022/training_data/50732_TV.wav,1.0,0.9999162
/tmp/unfreezing_ablation_full_b6sv4h5s/data/PhysioNet2022/training_data/50735_AV.wav,1.0,0.999949
/tmp/unfreezing_ablation_full_b6sv4h5s/data/PhysioNet2022/training_data/50735_MV.wav,1.0,0.9999335
/tmp/unfreezing_ablation_full_b6sv4h5s/data/PhysioNet2022/training_data/50735_PV.wav,1.0,0.99990916
/tmp/unfreezing_ablation_full_b6sv4h5s/data/PhysioNet2022/training_data/50735_TV.wav,1.0,0.9999529
/tmp/unfreezing_ablation_full_b6sv4h5s/data/PhysioNet2022/training_data/50737_MV.wav,1.0,0.81802547
/tmp/unfreezing_ablation_full_b6sv4h5s/data/PhysioNet2022/training_data/50737_PV.wav,1.0,0.99983346
/tmp/unfreezing_ablation_full_b6sv4h5s/data/PhysioNet2022/training_data/50737_TV.wav,1.0,0.99992967
/tmp/unfreezing_ablation_full_b6sv4h5s/data/PhysioNet2022/training_data/50738_AV.wav,1.0,0.9999591
/tmp/unfreezing_ablation_full_b6sv4h5s/data/PhysioNet2022/training_data/50738_MV.wav,1.0,0.9999391
/tmp/unfreezing_ablation_full_b6sv4h5s/data/PhysioNet2022/training_data/50738_PV.wav,1.0,0.99991024
/tmp/unfreezing_ablation_full_b6sv4h5s/data/PhysioNet2022/training_data/50738_TV.wav,1.0,0.9999058
/tmp/unfreezing_ablation_full_b6sv4h5s/data/PhysioNet2022/training_data/50740_AV.wav,1.0,0.9999219
/tmp/unfreezing_ablation_full_b6sv4h5s/data/PhysioNet2022/training_data/50740_MV.wav,1.0,0.99994123
/tmp/unfreezing_ablation_full_b6sv4h5s/data/PhysioNet2022/training_data/50740_PV.wav,1.0,0.9999504
/tmp/unfreezing_ablation_full_b6sv4h5s/data/PhysioNet2022/training_data/50740_TV.wav,1.0,0.9999262
/tmp/unfreezing_ablation_full_b6sv4h5s/data/PhysioNet2022/training_data/50742_AV.wav,1.0,0.9999354
/tmp/unfreezing_ablation_full_b6sv4h5s/data/PhysioNet2022/training_data/50742_MV.wav,1.0,0.9999225
/tmp/unfreezing_ablation_full_b6sv4h5s/data/PhysioNet2022/training_data/50742_PV.wav,1.0,0.999949
/tmp/unfreezing_ablation_full_b6sv4h5s/data/PhysioNet2022/training_data/50742_TV.wav,1.0,0.99994445
/tmp/unfreezing_ablation_full_b6sv4h5s/data/PhysioNet2022/training_data/50747_AV.wav,1.0,0.99994946
/tmp/unfreezing_ablation_full_b6sv4h5s/data/PhysioNet2022/training_data/50747_MV.wav,1.0,0.9999639
/tmp/unfreezing_ablation_full_b6sv4h5s/data/PhysioNet2022/training_data/50747_PV.wav,1.0,0.9999275
/tmp/unfreezing_ablation_full_b6sv4h5s/data/PhysioNet2022/training_data/50747_TV.wav,1.0,0.99995995
/tmp/unfreezing_ablation_full_b6sv4h5s/data/PhysioNet2022/training_data/50771_AV.wav,1.0,0.99992454
/tmp/unfreezing_ablation_full_b6sv4h5s/data/PhysioNet2022/training_data/50771_MV.wav,1.0,0.9999285
/tmp/unfreezing_ablation_full_b6sv4h5s/data/PhysioNet2022/training_data/50771_PV.wav,1.0,0.9999411
/tmp/unfreezing_ablation_full_b6sv4h5s/data/PhysioNet2022/training_data/50771_TV.wav,1.0,0.99994564
/tmp/unfreezing_ablation_full_b6sv4h5s/data/PhysioNet2022/training_data/50782_AV_1.wav,1.0,0.9999261
/tmp/unfreezing_ablation_full_b6sv4h5s/data/PhysioNet2022/training_data/50782_AV_2.wav,1.0,0.99990976
/tmp/unfreezing_ablation_full_b6sv4h5s/data/PhysioNet2022/training_data/50782_MV_1.wav,1.0,0.9998889
/tmp/unfreezing_ablation_full_b6sv4h5s/data/PhysioNet2022/training_data/50782_MV_2.wav,1.0,0.9881914
/tmp/unfreezing_ablation_full_b6sv4h5s/data/PhysioNet2022/training_data/50782_PV.wav,1.0,0.9999014
/tmp/unfreezing_ablation_full_b6sv4h5s/data/PhysioNet2022/training_data/50782_TV.wav,1.0,0.9999399
/tmp/unfreezing_ablation_full_b6sv4h5s/data/PhysioNet2022/training_data/50793_MV.wav,1.0,0.99987924
/tmp/unfreezing_ablation_full_b6sv4h5s/data/PhysioNet2022/training_data/50793_PV.wav,1.0,0.99984634
/tmp/unfreezing_ablation_full_b6sv4h5s/data/PhysioNet2022/training_data/50793_TV.wav,1.0,0.9997713
/tmp/unfreezing_ablation_full_b6sv4h5s/data/PhysioNet2022/training_data/50798_AV.wav,1.0,0.99987113
/tmp/unfreezing_ablation_full_b6sv4h5s/data/PhysioNet2022/training_data/50798_MV.wav,1.0,0.9999651
/tmp/unfreezing_ablation_full_b6sv4h5s/data/PhysioNet2022/training_data/50798_PV.wav,1.0,0.99990964
/tmp/unfreezing_ablation_full_b6sv4h5s/data/PhysioNet2022/training_data/50798_TV.wav,1.0,0.99988496
/tmp/unfreezing_ablation_full_b6sv4h5s/data/PhysioNet2022/training_data/50812_AV.wav,1.0,0.9999162
/tmp/unfreezing_ablation_full_b6sv4h5s/data/PhysioNet2022/training_data/50812_MV.wav,1.0,0.99994516
/tmp/unfreezing_ablation_full_b6sv4h5s/data/PhysioNet2022/training_data/50812_PV.wav,1.0,0.99994695
/tmp/unfreezing_ablation_full_b6sv4h5s/data/PhysioNet2022/training_data/50812_TV.wav,1.0,0.9999311
/tmp/unfreezing_ablation_full_b6sv4h5s/data/PhysioNet2022/training_data/50815_AV.wav,1.0,0.99992394
/tmp/unfreezing_ablation_full_b6sv4h5s/data/PhysioNet2022/training_data/50815_MV.wav,1.0,0.9999037
/tmp/unfreezing_ablation_full_b6sv4h5s/data/PhysioNet2022/training_data/50815_PV.wav,1.0,0.9999012
/tmp/unfreezing_ablation_full_b6sv4h5s/data/PhysioNet2022/training_data/50815_TV.wav,1.0,0.99992836
/tmp/unfreezing_ablation_full_b6sv4h5s/data/PhysioNet2022/training_data/50829_AV.wav,1.0,0.99993575
/tmp/unfreezing_ablation_full_b6sv4h5s/data/PhysioNet2022/training_data/50829_MV.wav,1.0,0.99994576
/tmp/unfreezing_ablation_full_b6sv4h5s/data/PhysioNet2022/training_data/50829_PV.wav,1.0,0.999905
/tmp/unfreezing_ablation_full_b6sv4h5s/data/PhysioNet2022/training_data/51064_MV.wav,1.0,0.99988914
/tmp/unfreezing_ablation_full_b6sv4h5s/data/PhysioNet2022/training_data/59536_AV.wav,1.0,0.99979717
/tmp/unfreezing_ablation_full_b6sv4h5s/data/PhysioNet2022/training_data/59536_MV.wav,1.0,0.9998461
/tmp/unfreezing_ablation_full_b6sv4h5s/data/PhysioNet2022/training_data/68175_AV.wav,1.0,0.99814916
/tmp/unfreezing_ablation_full_b6sv4h5s/data/PhysioNet2022/training_data/68175_MV.wav,1.0,0.99967635
/tmp/unfreezing_ablation_full_b6sv4h5s/data/PhysioNet2022/training_data/68175_PV.wav,1.0,0.99993014
/tmp/unfreezing_ablation_full_b6sv4h5s/data/PhysioNet2022/training_data/68175_TV.wav,1.0,0.9999677
/tmp/unfreezing_ablation_full_b6sv4h5s/data/PhysioNet2022/training_data/68213_AV.wav,1.0,0.9988059
/tmp/unfreezing_ablation_full_b6sv4h5s/data/PhysioNet2022/training_data/68213_MV.wav,1.0,0.9999002
/tmp/unfreezing_ablation_full_b6sv4h5s/data/PhysioNet2022/training_data/68213_PV.wav,1.0,0.9997938
/tmp/unfreezing_ablation_full_b6sv4h5s/data/PhysioNet2022/training_data/68213_TV.wav,1.0,0.9989656
/tmp/unfreezing_ablation_full_b6sv4h5s/data/PhysioNet2022/training_data/68219_AV.wav,1.0,0.9999356
/tmp/unfreezing_ablation_full_b6sv4h5s/data/PhysioNet2022/training_data/68219_MV.wav,1.0,0.999949
/tmp/unfreezing_ablation_full_b6sv4h5s/data/PhysioNet2022/training_data/68219_PV.wav,1.0,0.99995005
/tmp/unfreezing_ablation_full_b6sv4h5s/data/PhysioNet2022/training_data/68219_TV.wav,1.0,0.9999317
/tmp/unfreezing_ablation_full_b6sv4h5s/data/PhysioNet2022/training_data/68260_AV.wav,1.0,0.9999155
/tmp/unfreezing_ablation_full_b6sv4h5s/data/PhysioNet2022/training_data/68260_MV.wav,1.0,0.9999658
/tmp/unfreezing_ablation_full_b6sv4h5s/data/PhysioNet2022/training_data/68260_PV.wav,1.0,0.99989486
/tmp/unfreezing_ablation_full_b6sv4h5s/data/PhysioNet2022/training_data/68260_TV.wav,1.0,0.999938
/tmp/unfreezing_ablation_full_b6sv4h5s/data/PhysioNet2022/training_data/68292_AV.wav,1.0,0.9997733
/tmp/unfreezing_ablation_full_b6sv4h5s/data/PhysioNet2022/training_data/68292_MV.wav,1.0,0.999632
/tmp/unfreezing_ablation_full_b6sv4h5s/data/PhysioNet2022/training_data/68292_PV.wav,1.0,0.9999409
/tmp/unfreezing_ablation_full_b6sv4h5s/data/PhysioNet2022/training_data/68292_TV.wav,1.0,0.9947261
/tmp/unfreezing_ablation_full_b6sv4h5s/data/PhysioNet2022/training_data/68316_AV.wav,1.0,0.99991035
/tmp/unfreezing_ablation_full_b6sv4h5s/data/PhysioNet2022/training_data/68316_MV.wav,1.0,0.9999436
/tmp/unfreezing_ablation_full_b6sv4h5s/data/PhysioNet2022/training_data/68316_PV.wav,1.0,0.9999349
/tmp/unfreezing_ablation_full_b6sv4h5s/data/PhysioNet2022/training_data/68316_TV.wav,1.0,0.99979216
/tmp/unfreezing_ablation_full_b6sv4h5s/data/PhysioNet2022/training_data/68379_AV.wav,1.0,0.86091965
/tmp/unfreezing_ablation_full_b6sv4h5s/data/PhysioNet2022/training_data/68379_MV.wav,1.0,0.999826
/tmp/unfreezing_ablation_full_b6sv4h5s/data/PhysioNet2022/training_data/68379_PV.wav,1.0,0.99925417
/tmp/unfreezing_ablation_full_b6sv4h5s/data/PhysioNet2022/training_data/68379_TV.wav,1.0,0.99826103
/tmp/unfreezing_ablation_full_b6sv4h5s/data/PhysioNet2022/training_data/68444_AV.wav,1.0,0.99985325
/tmp/unfreezing_ablation_full_b6sv4h5s/data/PhysioNet2022/training_data/68444_MV.wav,1.0,0.9999676
/tmp/unfreezing_ablation_full_b6sv4h5s/data/PhysioNet2022/training_data/68444_PV.wav,1.0,0.99991226
/tmp/unfreezing_ablation_full_b6sv4h5s/data/PhysioNet2022/training_data/68444_TV.wav,1.0,0.9997638
/tmp/unfreezing_ablation_full_b6sv4h5s/data/PhysioNet2022/training_data/68504_AV.wav,1.0,0.9999484
/tmp/unfreezing_ablation_full_b6sv4h5s/data/PhysioNet2022/training_data/68504_MV.wav,1.0,0.9999579
/tmp/unfreezing_ablation_full_b6sv4h5s/data/PhysioNet2022/training_data/68504_PV.wav,1.0,0.9999552
/tmp/unfreezing_ablation_full_b6sv4h5s/data/PhysioNet2022/training_data/68504_TV.wav,1.0,0.9999429
/tmp/unfreezing_ablation_full_b6sv4h5s/data/PhysioNet2022/training_data/68545_AV.wav,1.0,0.9999441
/tmp/unfreezing_ablation_full_b6sv4h5s/data/PhysioNet2022/training_data/68545_MV.wav,1.0,0.9999337
/tmp/unfreezing_ablation_full_b6sv4h5s/data/PhysioNet2022/training_data/68545_PV.wav,1.0,0.99993336
/tmp/unfreezing_ablation_full_b6sv4h5s/data/PhysioNet2022/training_data/68545_TV.wav,1.0,0.99988616
/tmp/unfreezing_ablation_full_b6sv4h5s/data/PhysioNet2022/training_data/68556_AV.wav,1.0,0.76923186
/tmp/unfreezing_ablation_full_b6sv4h5s/data/PhysioNet2022/training_data/68556_MV.wav,1.0,0.9999292
/tmp/unfreezing_ablation_full_b6sv4h5s/data/PhysioNet2022/training_data/68576_AV.wav,1.0,0.99989784
/tmp/unfreezing_ablation_full_b6sv4h5s/data/PhysioNet2022/training_data/68576_MV.wav,1.0,0.99994206
/tmp/unfreezing_ablation_full_b6sv4h5s/data/PhysioNet2022/training_data/68659_AV.wav,1.0,0.9996834
/tmp/unfreezing_ablation_full_b6sv4h5s/data/PhysioNet2022/training_data/68659_MV.wav,1.0,0.99992573
/tmp/unfreezing_ablation_full_b6sv4h5s/data/PhysioNet2022/training_data/68659_PV.wav,1.0,0.9999287
/tmp/unfreezing_ablation_full_b6sv4h5s/data/PhysioNet2022/training_data/68659_TV.wav,1.0,0.83753157
/tmp/unfreezing_ablation_full_b6sv4h5s/data/PhysioNet2022/training_data/68698_AV.wav,1.0,0.99985874
/tmp/unfreezing_ablation_full_b6sv4h5s/data/PhysioNet2022/training_data/68698_MV.wav,1.0,0.99995005
/tmp/unfreezing_ablation_full_b6sv4h5s/data/PhysioNet2022/training_data/68698_PV.wav,1.0,0.9999416
/tmp/unfreezing_ablation_full_b6sv4h5s/data/PhysioNet2022/training_data/68698_TV.wav,1.0,0.9999318
/tmp/unfreezing_ablation_full_b6sv4h5s/data/PhysioNet2022/training_data/68741_AV.wav,1.0,0.99993455
/tmp/unfreezing_ablation_full_b6sv4h5s/data/PhysioNet2022/training_data/68741_MV.wav,1.0,0.9999199
/tmp/unfreezing_ablation_full_b6sv4h5s/data/PhysioNet2022/training_data/68741_PV.wav,1.0,0.9999504
/tmp/unfreezing_ablation_full_b6sv4h5s/data/PhysioNet2022/training_data/68741_TV.wav,1.0,0.9999443
/tmp/unfreezing_ablation_full_b6sv4h5s/data/PhysioNet2022/training_data/68827_AV.wav,1.0,0.9999387
/tmp/unfreezing_ablation_full_b6sv4h5s/data/PhysioNet2022/training_data/68827_PV.wav,1.0,0.99991775
/tmp/unfreezing_ablation_full_b6sv4h5s/data/PhysioNet2022/training_data/68827_TV.wav,1.0,0.99991035
/tmp/unfreezing_ablation_full_b6sv4h5s/data/PhysioNet2022/training_data/68874_AV.wav,1.0,0.99994016
/tmp/unfreezing_ablation_full_b6sv4h5s/data/PhysioNet2022/training_data/68874_MV.wav,1.0,0.99991024
/tmp/unfreezing_ablation_full_b6sv4h5s/data/PhysioNet2022/training_data/68874_PV.wav,1.0,0.99987566
/tmp/unfreezing_ablation_full_b6sv4h5s/data/PhysioNet2022/training_data/68874_TV.wav,1.0,0.99995077
/tmp/unfreezing_ablation_full_b6sv4h5s/data/PhysioNet2022/training_data/68888_AV.wav,1.0,0.99983966
/tmp/unfreezing_ablation_full_b6sv4h5s/data/PhysioNet2022/training_data/68888_MV.wav,1.0,0.99974245
/tmp/unfreezing_ablation_full_b6sv4h5s/data/PhysioNet2022/training_data/68888_PV.wav,1.0,0.99991596
/tmp/unfreezing_ablation_full_b6sv4h5s/data/PhysioNet2022/training_data/68888_TV.wav,1.0,0.99990034
/tmp/unfreezing_ablation_full_b6sv4h5s/data/PhysioNet2022/training_data/69095_AV.wav,1.0,0.99988675
/tmp/unfreezing_ablation_full_b6sv4h5s/data/PhysioNet2022/training_data/69095_MV.wav,1.0,0.99993324
/tmp/unfreezing_ablation_full_b6sv4h5s/data/PhysioNet2022/training_data/69095_PV.wav,1.0,0.99993205
/tmp/unfreezing_ablation_full_b6sv4h5s/data/PhysioNet2022/training_data/69095_TV.wav,1.0,0.99991655
/tmp/unfreezing_ablation_full_b6sv4h5s/data/PhysioNet2022/training_data/69096_AV.wav,1.0,0.9996277
/tmp/unfreezing_ablation_full_b6sv4h5s/data/PhysioNet2022/training_data/69096_MV.wav,1.0,0.99989986
/tmp/unfreezing_ablation_full_b6sv4h5s/data/PhysioNet2022/training_data/69096_PV.wav,1.0,0.9999021
/tmp/unfreezing_ablation_full_b6sv4h5s/data/PhysioNet2022/training_data/69096_TV.wav,1.0,0.9999051
/tmp/unfreezing_ablation_full_b6sv4h5s/data/PhysioNet2022/training_data/69120_AV.wav,1.0,0.99952257
/tmp/unfreezing_ablation_full_b6sv4h5s/data/PhysioNet2022/training_data/69120_MV.wav,1.0,0.9993905
/tmp/unfreezing_ablation_full_b6sv4h5s/data/PhysioNet2022/training_data/69120_PV.wav,1.0,0.87406397
/tmp/unfreezing_ablation_full_b6sv4h5s/data/PhysioNet2022/training_data/69120_TV.wav,1.0,0.29543436
/tmp/unfreezing_ablation_full_b6sv4h5s/data/PhysioNet2022/training_data/69129_AV.wav,1.0,0.99975723
/tmp/unfreezing_ablation_full_b6sv4h5s/data/PhysioNet2022/training_data/69129_MV.wav,1.0,0.99996555
/tmp/unfreezing_ablation_full_b6sv4h5s/data/PhysioNet2022/training_data/69129_PV.wav,1.0,0.9999199
/tmp/unfreezing_ablation_full_b6sv4h5s/data/PhysioNet2022/training_data/69129_TV.wav,1.0,0.9999609
/tmp/unfreezing_ablation_full_b6sv4h5s/data/PhysioNet2022/training_data/69174_AV.wav,1.0,0.99991
/tmp/unfreezing_ablation_full_b6sv4h5s/data/PhysioNet2022/training_data/69174_MV.wav,1.0,0.999946
/tmp/unfreezing_ablation_full_b6sv4h5s/data/PhysioNet2022/training_data/69174_PV.wav,1.0,0.9998864
/tmp/unfreezing_ablation_full_b6sv4h5s/data/PhysioNet2022/training_data/69174_TV.wav,1.0,0.9999616
/tmp/unfreezing_ablation_full_b6sv4h5s/data/PhysioNet2022/training_data/69176_AV.wav,1.0,0.999954
/tmp/unfreezing_ablation_full_b6sv4h5s/data/PhysioNet2022/training_data/69176_MV.wav,1.0,0.9999372
/tmp/unfreezing_ablation_full_b6sv4h5s/data/PhysioNet2022/training_data/69176_PV.wav,1.0,0.99995756
/tmp/unfreezing_ablation_full_b6sv4h5s/data/PhysioNet2022/training_data/69176_TV.wav,1.0,0.9998816
/tmp/unfreezing_ablation_full_b6sv4h5s/data/PhysioNet2022/training_data/70280_AV.wav,1.0,0.9999342
/tmp/unfreezing_ablation_full_b6sv4h5s/data/PhysioNet2022/training_data/70280_MV.wav,1.0,0.9999293
/tmp/unfreezing_ablation_full_b6sv4h5s/data/PhysioNet2022/training_data/72288_PV.wav,1.0,0.9998373
/tmp/unfreezing_ablation_full_b6sv4h5s/data/PhysioNet2022/training_data/84689_AV.wav,1.0,0.99995375
/tmp/unfreezing_ablation_full_b6sv4h5s/data/PhysioNet2022/training_data/84689_MV.wav,1.0,0.9999682
/tmp/unfreezing_ablation_full_b6sv4h5s/data/PhysioNet2022/training_data/84689_PV.wav,1.0,0.9932581
/tmp/unfreezing_ablation_full_b6sv4h5s/data/PhysioNet2022/training_data/84689_TV.wav,1.0,0.99996674
/tmp/unfreezing_ablation_full_b6sv4h5s/data/PhysioNet2022/training_data/84692_AV.wav,1.0,0.9998733
/tmp/unfreezing_ablation_full_b6sv4h5s/data/PhysioNet2022/training_data/84692_MV.wav,1.0,0.9999242
/tmp/unfreezing_ablation_full_b6sv4h5s/data/PhysioNet2022/training_data/84692_PV.wav,1.0,0.99950063
/tmp/unfreezing_ablation_full_b6sv4h5s/data/PhysioNet2022/training_data/84692_TV.wav,1.0,0.9999299
/tmp/unfreezing_ablation_full_b6sv4h5s/data/PhysioNet2022/training_data/84711_AV.wav,1.0,0.9999151
/tmp/unfreezing_ablation_full_b6sv4h5s/data/PhysioNet2022/training_data/84711_MV.wav,1.0,0.99992037
/tmp/unfreezing_ablation_full_b6sv4h5s/data/PhysioNet2022/training_data/84711_PV.wav,1.0,0.999943
/tmp/unfreezing_ablation_full_b6sv4h5s/data/PhysioNet2022/training_data/84711_TV.wav,1.0,0.9999182
/tmp/unfreezing_ablation_full_b6sv4h5s/data/PhysioNet2022/training_data/84732_AV.wav,1.0,0.9998858
/tmp/unfreezing_ablation_full_b6sv4h5s/data/PhysioNet2022/training_data/84732_MV.wav,1.0,0.9998789
/tmp/unfreezing_ablation_full_b6sv4h5s/data/PhysioNet2022/training_data/84733_AV.wav,1.0,0.99995553
/tmp/unfreezing_ablation_full_b6sv4h5s/data/PhysioNet2022/training_data/84733_MV.wav,1.0,0.9998958
/tmp/unfreezing_ablation_full_b6sv4h5s/data/PhysioNet2022/training_data/84733_PV.wav,1.0,0.9999505
/tmp/unfreezing_ablation_full_b6sv4h5s/data/PhysioNet2022/training_data/84733_TV.wav,1.0,0.99989235
/tmp/unfreezing_ablation_full_b6sv4h5s/data/PhysioNet2022/training_data/84736_AV.wav,1.0,0.99992085
/tmp/unfreezing_ablation_full_b6sv4h5s/data/PhysioNet2022/training_data/84736_MV.wav,1.0,0.992419
/tmp/unfreezing_ablation_full_b6sv4h5s/data/PhysioNet2022/training_data/84738_AV.wav,1.0,0.99994445
/tmp/unfreezing_ablation_full_b6sv4h5s/data/PhysioNet2022/training_data/84738_MV.wav,1.0,0.9999474
/tmp/unfreezing_ablation_full_b6sv4h5s/data/PhysioNet2022/training_data/84738_PV.wav,1.0,0.9973417
/tmp/unfreezing_ablation_full_b6sv4h5s/data/PhysioNet2022/training_data/84738_TV.wav,1.0,0.99995875
/tmp/unfreezing_ablation_full_b6sv4h5s/data/PhysioNet2022/training_data/84746_PV.wav,1.0,0.9999317
/tmp/unfreezing_ablation_full_b6sv4h5s/data/PhysioNet2022/training_data/84761_AV.wav,1.0,0.9998474
/tmp/unfreezing_ablation_full_b6sv4h5s/data/PhysioNet2022/training_data/84761_MV.wav,1.0,0.9999585
/tmp/unfreezing_ablation_full_b6sv4h5s/data/PhysioNet2022/training_data/84761_PV.wav,1.0,0.9999219
/tmp/unfreezing_ablation_full_b6sv4h5s/data/PhysioNet2022/training_data/84761_TV.wav,1.0,0.9999403
/tmp/unfreezing_ablation_full_b6sv4h5s/data/PhysioNet2022/training_data/84765_AV.wav,1.0,0.99987316
/tmp/unfreezing_ablation_full_b6sv4h5s/data/PhysioNet2022/training_data/84765_MV.wav,1.0,0.9999498
/tmp/unfreezing_ablation_full_b6sv4h5s/data/PhysioNet2022/training_data/84765_PV.wav,1.0,0.9999511
/tmp/unfreezing_ablation_full_b6sv4h5s/data/PhysioNet2022/training_data/84765_TV.wav,1.0,0.9999175
/tmp/unfreezing_ablation_full_b6sv4h5s/data/PhysioNet2022/training_data/84776_AV.wav,1.0,0.99924916
/tmp/unfreezing_ablation_full_b6sv4h5s/data/PhysioNet2022/training_data/84776_MV.wav,1.0,0.9999243
/tmp/unfreezing_ablation_full_b6sv4h5s/data/PhysioNet2022/training_data/84776_PV.wav,1.0,0.98413867
/tmp/unfreezing_ablation_full_b6sv4h5s/data/PhysioNet2022/training_data/84776_TV.wav,1.0,0.99981576
/tmp/unfreezing_ablation_full_b6sv4h5s/data/PhysioNet2022/training_data/84778_AV.wav,1.0,0.6653052
/tmp/unfreezing_ablation_full_b6sv4h5s/data/PhysioNet2022/training_data/84778_MV.wav,1.0,0.9998118
/tmp/unfreezing_ablation_full_b6sv4h5s/data/PhysioNet2022/training_data/84778_PV.wav,1.0,0.99989605
/tmp/unfreezing_ablation_full_b6sv4h5s/data/PhysioNet2022/training_data/84778_TV.wav,1.0,0.99909186
/tmp/unfreezing_ablation_full_b6sv4h5s/data/PhysioNet2022/training_data/84796_AV.wav,1.0,0.9997029
/tmp/unfreezing_ablation_full_b6sv4h5s/data/PhysioNet2022/training_data/84796_MV.wav,1.0,0.999949
/tmp/unfreezing_ablation_full_b6sv4h5s/data/PhysioNet2022/training_data/84852_AV.wav,1.0,0.99995613
/tmp/unfreezing_ablation_full_b6sv4h5s/data/PhysioNet2022/training_data/84852_MV.wav,1.0,0.99992347
/tmp/unfreezing_ablation_full_b6sv4h5s/data/PhysioNet2022/training_data/84852_PV.wav,1.0,0.9999385
/tmp/unfreezing_ablation_full_b6sv4h5s/data/PhysioNet2022/training_data/84852_TV.wav,1.0,0.9999602
/tmp/unfreezing_ablation_full_b6sv4h5s/data/PhysioNet2022/training_data/84853_AV.wav,1.0,0.99994063
/tmp/unfreezing_ablation_full_b6sv4h5s/data/PhysioNet2022/training_data/84853_MV.wav,1.0,0.9999615
/tmp/unfreezing_ablation_full_b6sv4h5s/data/PhysioNet2022/training_data/84853_PV.wav,1.0,0.99994314
/tmp/unfreezing_ablation_full_b6sv4h5s/data/PhysioNet2022/training_data/84853_TV.wav,1.0,0.9998896
/tmp/unfreezing_ablation_full_b6sv4h5s/data/PhysioNet2022/training_data/84864_AV.wav,1.0,0.99994206
/tmp/unfreezing_ablation_full_b6sv4h5s/data/PhysioNet2022/training_data/84864_MV.wav,1.0,0.9998641
/tmp/unfreezing_ablation_full_b6sv4h5s/data/PhysioNet2022/training_data/84864_PV.wav,1.0,0.99982494
/tmp/unfreezing_ablation_full_b6sv4h5s/data/PhysioNet2022/training_data/84864_TV.wav,1.0,0.99971336
/tmp/unfreezing_ablation_full_b6sv4h5s/data/PhysioNet2022/training_data/84878_AV.wav,1.0,0.9999424
/tmp/unfreezing_ablation_full_b6sv4h5s/data/PhysioNet2022/training_data/84878_MV.wav,1.0,0.999915
/tmp/unfreezing_ablation_full_b6sv4h5s/data/PhysioNet2022/training_data/84878_PV.wav,1.0,0.9999589
/tmp/unfreezing_ablation_full_b6sv4h5s/data/PhysioNet2022/training_data/84878_TV.wav,1.0,0.99995816
/tmp/unfreezing_ablation_full_b6sv4h5s/data/PhysioNet2022/training_data/84881_AV.wav,1.0,0.99989104
/tmp/unfreezing_ablation_full_b6sv4h5s/data/PhysioNet2022/training_data/84881_MV.wav,1.0,0.9937178
/tmp/unfreezing_ablation_full_b6sv4h5s/data/PhysioNet2022/training_data/84881_PV.wav,1.0,0.9998511
/tmp/unfreezing_ablation_full_b6sv4h5s/data/PhysioNet2022/training_data/84881_TV.wav,1.0,0.988629
/tmp/unfreezing_ablation_full_b6sv4h5s/data/PhysioNet2022/training_data/84922_AV.wav,1.0,0.99926883
/tmp/unfreezing_ablation_full_b6sv4h5s/data/PhysioNet2022/training_data/84922_MV.wav,1.0,0.99991345
/tmp/unfreezing_ablation_full_b6sv4h5s/data/PhysioNet2022/training_data/84973_AV.wav,1.0,0.9998925
/tmp/unfreezing_ablation_full_b6sv4h5s/data/PhysioNet2022/training_data/84973_MV.wav,1.0,0.9998939
/tmp/unfreezing_ablation_full_b6sv4h5s/data/PhysioNet2022/training_data/84973_PV.wav,1.0,0.9999596
/tmp/unfreezing_ablation_full_b6sv4h5s/data/PhysioNet2022/training_data/84973_TV.wav,1.0,0.9999558
/tmp/unfreezing_ablation_full_b6sv4h5s/data/PhysioNet2022/training_data/84974_AV.wav,1.0,0.97177535
/tmp/unfreezing_ablation_full_b6sv4h5s/data/PhysioNet2022/training_data/84974_MV.wav,1.0,0.99990714
/tmp/unfreezing_ablation_full_b6sv4h5s/data/PhysioNet2022/training_data/84974_PV.wav,1.0,0.9990626
/tmp/unfreezing_ablation_full_b6sv4h5s/data/PhysioNet2022/training_data/84974_TV.wav,1.0,0.9989748
/tmp/unfreezing_ablation_full_b6sv4h5s/data/PhysioNet2022/training_data/84986_AV.wav,1.0,0.99994135
/tmp/unfreezing_ablation_full_b6sv4h5s/data/PhysioNet2022/training_data/84986_MV.wav,1.0,0.9999362
/tmp/unfreezing_ablation_full_b6sv4h5s/data/PhysioNet2022/training_data/84986_PV.wav,1.0,0.99995804
/tmp/unfreezing_ablation_full_b6sv4h5s/data/PhysioNet2022/training_data/84986_TV.wav,1.0,0.9999424
/tmp/unfreezing_ablation_full_b6sv4h5s/data/PhysioNet2022/training_data/85002_AV.wav,1.0,0.99994516
/tmp/unfreezing_ablation_full_b6sv4h5s/data/PhysioNet2022/training_data/85002_MV.wav,1.0,0.99996233
/tmp/unfreezing_ablation_full_b6sv4h5s/data/PhysioNet2022/training_data/85002_PV.wav,1.0,0.99984324
/tmp/unfreezing_ablation_full_b6sv4h5s/data/PhysioNet2022/training_data/85002_TV.wav,1.0,0.99939203
/tmp/unfreezing_ablation_full_b6sv4h5s/data/PhysioNet2022/training_data/85018_AV.wav,1.0,0.9999198
/tmp/unfreezing_ablation_full_b6sv4h5s/data/PhysioNet2022/training_data/85018_MV.wav,1.0,0.9999261
/tmp/unfreezing_ablation_full_b6sv4h5s/data/PhysioNet2022/training_data/85024_AV.wav,1.0,0.999905
/tmp/unfreezing_ablation_full_b6sv4h5s/data/PhysioNet2022/training_data/85024_MV.wav,1.0,0.9998747
/tmp/unfreezing_ablation_full_b6sv4h5s/data/PhysioNet2022/training_data/85024_PV.wav,1.0,0.99992263
/tmp/unfreezing_ablation_full_b6sv4h5s/data/PhysioNet2022/training_data/85024_TV.wav,1.0,0.9999087
/tmp/unfreezing_ablation_full_b6sv4h5s/data/PhysioNet2022/training_data/85027_AV.wav,1.0,0.9999529
/tmp/unfreezing_ablation_full_b6sv4h5s/data/PhysioNet2022/training_data/85027_MV.wav,1.0,0.99994147
/tmp/unfreezing_ablation_full_b6sv4h5s/data/PhysioNet2022/training_data/85027_PV.wav,1.0,0.9998534
/tmp/unfreezing_ablation_full_b6sv4h5s/data/PhysioNet2022/training_data/85027_TV.wav,1.0,0.14398524
/tmp/unfreezing_ablation_full_b6sv4h5s/data/PhysioNet2022/training_data/85038_AV.wav,1.0,0.999941
/tmp/unfreezing_ablation_full_b6sv4h5s/data/PhysioNet2022/training_data/85038_MV.wav,1.0,0.9999387
/tmp/unfreezing_ablation_full_b6sv4h5s/data/PhysioNet2022/training_data/85038_PV.wav,1.0,0.99989223
/tmp/unfreezing_ablation_full_b6sv4h5s/data/PhysioNet2022/training_data/85038_TV.wav,1.0,0.99992704
/tmp/unfreezing_ablation_full_b6sv4h5s/data/PhysioNet2022/training_data/85048_AV.wav,1.0,0.9999409
/tmp/unfreezing_ablation_full_b6sv4h5s/data/PhysioNet2022/training_data/85048_MV.wav,1.0,0.9999492
/tmp/unfreezing_ablation_full_b6sv4h5s/data/PhysioNet2022/training_data/85048_PV.wav,1.0,0.99995744
/tmp/unfreezing_ablation_full_b6sv4h5s/data/PhysioNet2022/training_data/85048_TV.wav,1.0,0.99995196
/tmp/unfreezing_ablation_full_b6sv4h5s/data/PhysioNet2022/training_data/85091_AV.wav,1.0,0.99995947
/tmp/unfreezing_ablation_full_b6sv4h5s/data/PhysioNet2022/training_data/85091_MV.wav,1.0,0.99994385
/tmp/unfreezing_ablation_full_b6sv4h5s/data/PhysioNet2022/training_data/85105_PV.wav,1.0,0.9999546
/tmp/unfreezing_ablation_full_b6sv4h5s/data/PhysioNet2022/training_data/85105_TV.wav,1.0,0.99995077
/tmp/unfreezing_ablation_full_b6sv4h5s/data/PhysioNet2022/training_data/85128_AV.wav,1.0,0.9997031
/tmp/unfreezing_ablation_full_b6sv4h5s/data/PhysioNet2022/training_data/85128_MV.wav,1.0,0.9999577
/tmp/unfreezing_ablation_full_b6sv4h5s/data/PhysioNet2022/training_data/85128_PV.wav,1.0,0.99994457
/tmp/unfreezing_ablation_full_b6sv4h5s/data/PhysioNet2022/training_data/85128_TV.wav,1.0,0.9999596
/tmp/unfreezing_ablation_full_b6sv4h5s/data/PhysioNet2022/training_data/85136_AV.wav,1.0,0.99989367
/tmp/unfreezing_ablation_full_b6sv4h5s/data/PhysioNet2022/training_data/85136_MV.wav,1.0,0.32335657
/tmp/unfreezing_ablation_full_b6sv4h5s/data/PhysioNet2022/training_data/85136_PV.wav,1.0,0.99995077
/tmp/unfreezing_ablation_full_b6sv4h5s/data/PhysioNet2022/training_data/85136_TV.wav,1.0,0.67139715
/tmp/unfreezing_ablation_full_b6sv4h5s/data/PhysioNet2022/training_data/85143_AV.wav,1.0,0.9999356
/tmp/unfreezing_ablation_full_b6sv4h5s/data/PhysioNet2022/training_data/85143_MV.wav,1.0,0.9999418
/tmp/unfreezing_ablation_full_b6sv4h5s/data/PhysioNet2022/training_data/85143_PV.wav,1.0,0.9999094
/tmp/unfreezing_ablation_full_b6sv4h5s/data/PhysioNet2022/training_data/85143_TV.wav,1.0,0.99992704
/tmp/unfreezing_ablation_full_b6sv4h5s/data/PhysioNet2022/training_data/85151_AV.wav,1.0,0.9999521
/tmp/unfreezing_ablation_full_b6sv4h5s/data/PhysioNet2022/training_data/85151_MV.wav,1.0,0.9999429
/tmp/unfreezing_ablation_full_b6sv4h5s/data/PhysioNet2022/training_data/85151_PV.wav,1.0,0.9999496
/tmp/unfreezing_ablation_full_b6sv4h5s/data/PhysioNet2022/training_data/85151_TV.wav,1.0,0.99993634
/tmp/unfreezing_ablation_full_b6sv4h5s/data/PhysioNet2022/training_data/85165_AV.wav,1.0,0.99994254
/tmp/unfreezing_ablation_full_b6sv4h5s/data/PhysioNet2022/training_data/85165_MV.wav,1.0,0.99950063
/tmp/unfreezing_ablation_full_b6sv4h5s/data/PhysioNet2022/training_data/85167_PV.wav,1.0,0.9999374
/tmp/unfreezing_ablation_full_b6sv4h5s/data/PhysioNet2022/training_data/85167_TV.wav,1.0,0.99992967
/tmp/unfreezing_ablation_full_b6sv4h5s/data/PhysioNet2022/training_data/85169_AV.wav,1.0,0.9997873
/tmp/unfreezing_ablation_full_b6sv4h5s/data/PhysioNet2022/training_data/85169_MV.wav,1.0,0.9998615
/tmp/unfreezing_ablation_full_b6sv4h5s/data/PhysioNet2022/training_data/85169_PV.wav,1.0,0.99974376
/tmp/unfreezing_ablation_full_b6sv4h5s/data/PhysioNet2022/training_data/85169_TV.wav,1.0,0.99988973
/tmp/unfreezing_ablation_full_b6sv4h5s/data/PhysioNet2022/training_data/85176_AV.wav,1.0,0.9999504
/tmp/unfreezing_ablation_full_b6sv4h5s/data/PhysioNet2022/training_data/85176_MV.wav,1.0,0.9999498
/tmp/unfreezing_ablation_full_b6sv4h5s/data/PhysioNet2022/training_data/85176_PV.wav,1.0,0.99986994
/tmp/unfreezing_ablation_full_b6sv4h5s/data/PhysioNet2022/training_data/85176_TV.wav,1.0,0.9999515
/tmp/unfreezing_ablation_full_b6sv4h5s/data/PhysioNet2022/training_data/85182_AV.wav,1.0,0.99990916
/tmp/unfreezing_ablation_full_b6sv4h5s/data/PhysioNet2022/training_data/85182_MV.wav,1.0,0.99987876
/tmp/unfreezing_ablation_full_b6sv4h5s/data/PhysioNet2022/training_data/85182_PV.wav,1.0,0.9999299
/tmp/unfreezing_ablation_full_b6sv4h5s/data/PhysioNet2022/training_data/85182_TV.wav,1.0,0.9999341
/tmp/unfreezing_ablation_full_b6sv4h5s/data/PhysioNet2022/training_data/85196_AV.wav,1.0,0.99995816
/tmp/unfreezing_ablation_full_b6sv4h5s/data/PhysioNet2022/training_data/85196_MV.wav,1.0,0.9999461
/tmp/unfreezing_ablation_full_b6sv4h5s/data/PhysioNet2022/training_data/85196_PV.wav,1.0,0.99991214
/tmp/unfreezing_ablation_full_b6sv4h5s/data/PhysioNet2022/training_data/85196_TV.wav,1.0,0.9999261
/tmp/unfreezing_ablation_full_b6sv4h5s/data/PhysioNet2022/training_data/85199_AV.wav,1.0,0.99985266
/tmp/unfreezing_ablation_full_b6sv4h5s/data/PhysioNet2022/training_data/85199_PV.wav,1.0,0.9998957
/tmp/unfreezing_ablation_full_b6sv4h5s/data/PhysioNet2022/training_data/85210_AV.wav,1.0,0.99981457
/tmp/unfreezing_ablation_full_b6sv4h5s/data/PhysioNet2022/training_data/85210_MV.wav,1.0,0.99994624
/tmp/unfreezing_ablation_full_b6sv4h5s/data/PhysioNet2022/training_data/85210_PV.wav,1.0,0.99992
/tmp/unfreezing_ablation_full_b6sv4h5s/data/PhysioNet2022/training_data/85210_TV.wav,1.0,0.99994063
/tmp/unfreezing_ablation_full_b6sv4h5s/data/PhysioNet2022/training_data/85214_AV.wav,1.0,0.9997764
/tmp/unfreezing_ablation_full_b6sv4h5s/data/PhysioNet2022/training_data/85214_MV.wav,1.0,0.9999411
/tmp/unfreezing_ablation_full_b6sv4h5s/data/PhysioNet2022/training_data/85214_PV.wav,1.0,0.9999049
/tmp/unfreezing_ablation_full_b6sv4h5s/data/PhysioNet2022/training_data/85214_TV.wav,1.0,0.9999567
/tmp/unfreezing_ablation_full_b6sv4h5s/data/PhysioNet2022/training_data/85217_AV.wav,1.0,0.99993706
/tmp/unfreezing_ablation_full_b6sv4h5s/data/PhysioNet2022/training_data/85217_MV.wav,1.0,0.9999387
/tmp/unfreezing_ablation_full_b6sv4h5s/data/PhysioNet2022/training_data/85217_PV.wav,1.0,0.99992275
/tmp/unfreezing_ablation_full_b6sv4h5s/data/PhysioNet2022/training_data/85217_TV.wav,1.0,0.9952813
/tmp/unfreezing_ablation_full_b6sv4h5s/data/PhysioNet2022/training_data/85222_AV.wav,1.0,0.99993217
/tmp/unfreezing_ablation_full_b6sv4h5s/data/PhysioNet2022/training_data/85222_PV.wav,1.0,0.9998623
/tmp/unfreezing_ablation_full_b6sv4h5s/data/PhysioNet2022/training_data/85222_TV.wav,1.0,0.99993205
/tmp/unfreezing_ablation_full_b6sv4h5s/data/PhysioNet2022/training_data/85225_AV.wav,1.0,0.9999268
/tmp/unfreezing_ablation_full_b6sv4h5s/data/PhysioNet2022/training_data/85225_MV.wav,1.0,0.9999405
/tmp/unfreezing_ablation_full_b6sv4h5s/data/PhysioNet2022/training_data/85225_PV.wav,1.0,0.99993193
/tmp/unfreezing_ablation_full_b6sv4h5s/data/PhysioNet2022/training_data/85225_TV.wav,1.0,0.9998853
/tmp/unfreezing_ablation_full_b6sv4h5s/data/PhysioNet2022/training_data/85226_MV.wav,1.0,0.9999447
/tmp/unfreezing_ablation_full_b6sv4h5s/data/PhysioNet2022/training_data/85226_PV.wav,1.0,0.9999366
/tmp/unfreezing_ablation_full_b6sv4h5s/data/PhysioNet2022/training_data/85226_TV.wav,1.0,0.9998536
/tmp/unfreezing_ablation_full_b6sv4h5s/data/PhysioNet2022/training_data/85229_MV.wav,1.0,0.99992573
/tmp/unfreezing_ablation_full_b6sv4h5s/data/PhysioNet2022/training_data/85229_PV.wav,1.0,0.9999535
/tmp/unfreezing_ablation_full_b6sv4h5s/data/PhysioNet2022/training_data/85229_TV.wav,1.0,0.99993765
/tmp/unfreezing_ablation_full_b6sv4h5s/data/PhysioNet2022/training_data/85241_AV.wav,1.0,0.9999567
/tmp/unfreezing_ablation_full_b6sv4h5s/data/PhysioNet2022/training_data/85241_MV.wav,1.0,0.99994254
/tmp/unfreezing_ablation_full_b6sv4h5s/data/PhysioNet2022/training_data/85241_PV.wav,1.0,0.9998678
/tmp/unfreezing_ablation_full_b6sv4h5s/data/PhysioNet2022/training_data/85241_TV.wav,1.0,0.99993074
/tmp/unfreezing_ablation_full_b6sv4h5s/data/PhysioNet2022/training_data/85246_AV.wav,1.0,0.9999473
/tmp/unfreezing_ablation_full_b6sv4h5s/data/PhysioNet2022/training_data/85246_MV.wav,1.0,0.9990277
/tmp/unfreezing_ablation_full_b6sv4h5s/data/PhysioNet2022/training_data/85246_PV.wav,1.0,0.9999441
/tmp/unfreezing_ablation_full_b6sv4h5s/data/PhysioNet2022/training_data/85246_TV.wav,1.0,0.99984396
/tmp/unfreezing_ablation_full_b6sv4h5s/data/PhysioNet2022/training_data/85259_AV.wav,1.0,0.17634712
/tmp/unfreezing_ablation_full_b6sv4h5s/data/PhysioNet2022/training_data/85259_MV.wav,1.0,0.99908984
/tmp/unfreezing_ablation_full_b6sv4h5s/data/PhysioNet2022/training_data/85270_AV.wav,1.0,0.9999435
/tmp/unfreezing_ablation_full_b6sv4h5s/data/PhysioNet2022/training_data/85270_MV.wav,1.0,0.9999113
/tmp/unfreezing_ablation_full_b6sv4h5s/data/PhysioNet2022/training_data/85270_PV.wav,1.0,0.9999449
/tmp/unfreezing_ablation_full_b6sv4h5s/data/PhysioNet2022/training_data/85270_TV.wav,1.0,0.9999213
/tmp/unfreezing_ablation_full_b6sv4h5s/data/PhysioNet2022/training_data/85279_AV.wav,1.0,0.99992657
/tmp/unfreezing_ablation_full_b6sv4h5s/data/PhysioNet2022/training_data/85279_MV.wav,1.0,0.9999435
/tmp/unfreezing_ablation_full_b6sv4h5s/data/PhysioNet2022/training_data/85279_PV.wav,1.0,0.9999443
/tmp/unfreezing_ablation_full_b6sv4h5s/data/PhysioNet2022/training_data/85279_TV.wav,1.0,0.999943
/tmp/unfreezing_ablation_full_b6sv4h5s/data/PhysioNet2022/training_data/85286_AV.wav,1.0,0.9997942
/tmp/unfreezing_ablation_full_b6sv4h5s/data/PhysioNet2022/training_data/85286_MV.wav,1.0,0.99986875
/tmp/unfreezing_ablation_full_b6sv4h5s/data/PhysioNet2022/training_data/85286_PV.wav,1.0,0.94084704
/tmp/unfreezing_ablation_full_b6sv4h5s/data/PhysioNet2022/training_data/85286_TV.wav,1.0,0.9998492
/tmp/unfreezing_ablation_full_b6sv4h5s/data/PhysioNet2022/training_data/85313_MV.wav,1.0,0.9993048
/tmp/unfreezing_ablation_full_b6sv4h5s/data/PhysioNet2022/training_data/85313_PV.wav,1.0,0.99992406
/tmp/unfreezing_ablation_full_b6sv4h5s/data/PhysioNet2022/training_data/85313_TV.wav,1.0,0.99981993
/tmp/unfreezing_ablation_full_b6sv4h5s/data/PhysioNet2022/training_data/85315_AV.wav,1.0,0.99994195
/tmp/unfreezing_ablation_full_b6sv4h5s/data/PhysioNet2022/training_data/85315_MV.wav,1.0,0.9999454
/tmp/unfreezing_ablation_full_b6sv4h5s/data/PhysioNet2022/training_data/85315_PV.wav,1.0,0.99995124
/tmp/unfreezing_ablation_full_b6sv4h5s/data/PhysioNet2022/training_data/85315_TV.wav,1.0,0.9999579
/tmp/unfreezing_ablation_full_b6sv4h5s/data/PhysioNet2022/training_data/85319_AV.wav,1.0,0.9998965
/tmp/unfreezing_ablation_full_b6sv4h5s/data/PhysioNet2022/training_data/85319_MV.wav,1.0,0.99995375
/tmp/unfreezing_ablation_full_b6sv4h5s/data/PhysioNet2022/training_data/85319_PV.wav,1.0,0.9995142
/tmp/unfreezing_ablation_full_b6sv4h5s/data/PhysioNet2022/training_data/85319_TV.wav,1.0,0.99996114
/tmp/unfreezing_ablation_full_b6sv4h5s/data/PhysioNet2022/training_data/85332_AV.wav,1.0,0.99995947
/tmp/unfreezing_ablation_full_b6sv4h5s/data/PhysioNet2022/training_data/85332_PV.wav,1.0,0.99993026
/tmp/unfreezing_ablation_full_b6sv4h5s/data/PhysioNet2022/training_data/85337_AV.wav,1.0,0.99993587
/tmp/unfreezing_ablation_full_b6sv4h5s/data/PhysioNet2022/training_data/85337_MV.wav,1.0,0.99991703
/tmp/unfreezing_ablation_full_b6sv4h5s/data/PhysioNet2022/training_data/85337_PV.wav,1.0,0.9999186
/tmp/unfreezing_ablation_full_b6sv4h5s/data/PhysioNet2022/training_data/85337_TV.wav,1.0,0.99993587
/tmp/unfreezing_ablation_full_b6sv4h5s/data/PhysioNet2022/training_data/85340_AV.wav,1.0,0.99990237
/tmp/unfreezing_ablation_full_b6sv4h5s/data/PhysioNet2022/training_data/85340_MV.wav,1.0,0.9998913
/tmp/unfreezing_ablation_full_b6sv4h5s/data/PhysioNet2022/training_data/85340_PV.wav,1.0,0.9996395
/tmp/unfreezing_ablation_full_b6sv4h5s/data/PhysioNet2022/training_data/85340_TV.wav,1.0,0.9995455
/tmp/unfreezing_ablation_full_b6sv4h5s/data/PhysioNet2022/training_data/9979_AV.wav,1.0,0.9998944
/tmp/unfreezing_ablation_full_b6sv4h5s/data/PhysioNet2022/training_data/9979_MV.wav,1.0,0.999897
/tmp/unfreezing_ablation_full_b6sv4h5s/data/PhysioNet2022/training_data/9979_PV.wav,1.0,0.99921215
/tmp/unfreezing_ablation_full_b6sv4h5s/data/PhysioNet2022/training_data/9979_TV.wav,1.0,0.0755954
noise,0.0,0.05949135
noise,0.0,0.054263677
noise,0.0,0.7963568
noise,0.0,0.045342684
noise,0.0,0.57788736
noise,0.0,0.013533205
noise,0.0,0.011990611
noise,0.0,0.041967124
noise,0.0,0.015293975
noise,0.0,0.021197863
noise,0.0,0.01905588
noise,0.0,0.013455262
noise,0.0,0.020680567
noise,0.0,0.030650603
noise,0.0,0.032844227
noise,0.0,0.020967241
noise,0.0,0.014183783
noise,0.0,0.06601199
noise,0.0,0.081078954
noise,0.0,0.10279945
noise,0.0,0.02752355
noise,0.0,0.05885078
noise,0.0,0.032456167
noise,0.0,0.043611716
noise,0.0,0.0076385443
noise,0.0,0.010329654
noise,0.0,0.08041815
noise,0.0,0.02982735
noise,0.0,0.0054366626
noise,0.0,0.022421068
noise,0.0,0.05386707
noise,0.0,0.03295693
noise,0.0,0.05030103
noise,0.0,0.041178834
noise,0.0,0.021940205
noise,0.0,0.09002279
noise,0.0,0.04454061
noise,0.0,0.34597528
noise,0.0,0.03297481
noise,0.0,0.06091724
noise,0.0,0.046987645
noise,0.0,0.71593
noise,0.0,0.061907757
noise,0.0,0.14397891
noise,0.0,0.05806504
noise,0.0,0.0078023924
noise,0.0,0.12636077
noise,0.0,0.017092614
noise,0.0,0.06737121
noise,0.0,0.005467353
noise,0.0,0.05053966
noise,0.0,0.1764568
noise,0.0,0.08757281
noise,0.0,0.015680883
noise,0.0,0.052183915
noise,0.0,0.05991819
noise,0.0,0.026011575
noise,0.0,0.0320441
noise,0.0,0.028569218
noise,0.0,0.059243925
noise,0.0,0.28890514
noise,0.0,0.012330728
noise,0.0,0.7635915
noise,0.0,0.045589127
noise,0.0,0.0379747
noise,0.0,0.011085666
noise,0.0,0.062531814
noise,0.0,0.053535167
noise,0.0,0.121148765
noise,0.0,0.045684557
noise,0.0,0.04273402
noise,0.0,0.021889765
noise,0.0,0.056148324
noise,0.0,0.043194138
noise,0.0,0.09567112
noise,0.0,0.96071917
noise,0.0,0.005445782
noise,0.0,0.07016757
noise,0.0,0.05351946
noise,0.0,0.04002196
noise,0.0,0.018688474
noise,0.0,0.03864003
noise,0.0,0.026139285
noise,0.0,0.028926583
noise,0.0,0.4227097
noise,0.0,0.038914498
noise,0.0,0.07333963
noise,0.0,0.10242989
noise,0.0,0.011676738
noise,0.0,0.016494656
noise,0.0,0.06424122
noise,0.0,0.038767207
noise,0.0,0.20014536
noise,0.0,0.049650434
noise,0.0,0.21960706
noise,0.0,0.05827889
noise,0.0,0.008453317
noise,0.0,0.08870935
noise,0.0,0.0021119013
noise,0.0,0.05274597
noise,0.0,0.074580505
noise,0.0,0.05118028
noise,0.0,0.018134898
noise,0.0,0.05355342
noise,0.0,0.04701334
noise,0.0,0.017578736
noise,0.0,0.061127912
noise,0.0,0.01809019
noise,0.0,0.012620903
noise,0.0,0.008330045
noise,0.0,0.0076982216
noise,0.0,0.19000521
noise,0.0,0.023245048
noise,0.0,0.020143319
noise,0.0,0.013396231
noise,0.0,0.035117038
noise,0.0,0.015026126
noise,0.0,0.026821183
noise,0.0,0.038211767
noise,0.0,0.00702436
noise,0.0,0.062350143
noise,0.0,0.029341027
noise,0.0,0.0894236
noise,0.0,0.08450586
noise,0.0,0.044020306
noise,0.0,0.0671858
noise,0.0,0.07541021
noise,0.0,0.037583746
noise,0.0,0.023467526
noise,0.0,0.02877998
noise,0.0,0.036613885
noise,0.0,0.055989347
noise,0.0,0.013162451
noise,0.0,0.042056866
noise,0.0,0.16336887
noise,0.0,0.061525572
noise,0.0,0.063929826
noise,0.0,0.035258323
noise,0.0,0.1433864
noise,0.0,0.35392952
noise,0.0,0.06323522
noise,0.0,0.15948303
noise,0.0,0.029763846
noise,0.0,0.039042488
noise,0.0,0.06546205
noise,0.0,0.052405406
noise,0.0,0.05101044
noise,0.0,0.021454697
noise,0.0,0.005420191
noise,0.0,0.028952269
noise,0.0,0.113228574
noise,0.0,0.07486482
noise,0.0,0.03144966
noise,0.0,0.023799436
noise,0.0,0.3233187
noise,0.0,0.056814887
noise,0.0,0.09061334
noise,0.0,0.010962709
noise,0.0,0.04609866
noise,0.0,0.015656115
noise,0.0,0.030581107
noise,0.0,0.016928343
noise,0.0,0.01370644
noise,0.0,0.0054378277
noise,0.0,0.008729022
noise,0.0,0.082012646
noise,0.0,0.5025669
noise,0.0,0.025293618
noise,0.0,0.016336834
noise,0.0,0.04924062
noise,0.0,0.059067205
noise,0.0,0.007228321
noise,0.0,0.05052445
noise,0.0,0.011280567
noise,0.0,0.053324766
noise,0.0,0.0142264245
noise,0.0,0.05274597
noise,0.0,0.057900827
noise,0.0,0.053092957
noise,0.0,0.03836874
noise,0.0,0.06533069
noise,0.0,0.0053319805
noise,0.0,0.049967453
noise,0.0,0.1495596
noise,0.0,0.025503885
noise,0.0,0.019143004
noise,0.0,0.081654474
noise,0.0,0.099627465
noise,0.0,0.5648139
noise,0.0,0.0067966687
noise,0.0,0.053899944
noise,0.0,0.30620295
noise,0.0,0.03363761
noise,0.0,0.6295563
noise,0.0,0.011078538
noise,0.0,0.045536626
noise,0.0,0.09104744
noise,0.0,0.049737312
noise,0.0,0.03305828
noise,0.0,0.071886115
noise,0.0,0.02911622
noise,0.0,0.049472786
noise,0.0,0.034099367
noise,0.0,0.044933967
noise,0.0,0.038476832
noise,0.0,0.09708968
noise,0.0,0.042699203
noise,0.0,0.7467342
noise,0.0,0.2099417
noise,0.0,0.025763629
noise,0.0,0.03025671
noise,0.0,0.025718136
noise,0.0,0.0378556
noise,0.0,0.01971868
noise,0.0,0.0068819653
noise,0.0,0.063728675
noise,0.0,0.024393937
noise,0.0,0.76883906
noise,0.0,0.048731163
noise,0.0,0.06347197
noise,0.0,0.057893936
noise,0.0,0.015441803
noise,0.0,0.004202146
noise,0.0,0.03731117
noise,0.0,0.022367116
noise,0.0,0.046356205
noise,0.0,0.02510107
noise,0.0,0.03792365
noise,0.0,0.10478657
noise,0.0,0.028009208
noise,0.0,0.027354639
noise,0.0,0.08626337
noise,0.0,0.2653639
noise,0.0,0.6812642
noise,0.0,0.015000601
noise,0.0,0.046090152
noise,0.0,0.01702147
noise,0.0,0.05531969
noise,0.0,0.048316345
noise,0.0,0.054451246
noise,0.0,0.062137026
noise,0.0,0.059372805
noise,0.0,0.053127922
noise,0.0,0.116654135
noise,0.0,0.046871804
noise,0.0,0.040985428
noise,0.0,0.28530484
noise,0.0,0.021889402
noise,0.0,0.037706874
noise,0.0,0.08267989
noise,0.0,0.028813412
noise,0.0,0.040410418
noise,0.0,0.123443805
noise,0.0,0.96615934
noise,0.0,0.061894193
noise,0.0,0.043529242
noise,0.0,0.033124328
noise,0.0,0.0405204
noise,0.0,0.08004921
noise,0.0,0.047859825
noise,0.0,0.05559546
noise,0.0,0.03295685
noise,0.0,0.0027835695
noise,0.0,0.05420894
noise,0.0,0.0741618
noise,0.0,0.036392823
noise,0.0,0.022549612
noise,0.0,0.045893013
noise,0.0,0.050438534
noise,0.0,0.025991034
noise,0.0,0.7834818
noise,0.0,0.025013173
noise,0.0,0.01921262
noise,0.0,0.044441525
noise,0.0,0.048221473
noise,0.0,0.06422563
noise,0.0,0.03122123
noise,0.0,0.028091544
noise,0.0,0.06626281
noise,0.0,0.04807355
noise,0.0,0.041344773
noise,0.0,0.023968231
noise,0.0,0.034654927
noise,0.0,0.05186925
noise,0.0,0.070875764
noise,0.0,0.01888349
noise,0.0,0.044204198
noise,0.0,0.07480056
noise,0.0,0.07813009
noise,0.0,0.04221349
noise,0.0,0.044610653
noise,0.0,0.03361318
noise,0.0,0.015287176
noise,0.0,0.035958678
noise,0.0,0.049744576
noise,0.0,0.04879215
noise,0.0,0.03529825
noise,0.0,0.06010556
noise,0.0,0.1462134
noise,0.0,0.01222782
noise,0.0,0.06426939
noise,0.0,0.07191045
noise,0.0,0.06796748
noise,0.0,0.013083751
noise,0.0,0.042696375
noise,0.0,0.025964214
noise,0.0,0.054439485
noise,0.0,0.03820104
noise,0.0,0.015241742
noise,0.0,0.040708248
noise,0.0,0.04135222
noise,0.0,0.096765436
noise,0.0,0.028222471
noise,0.0,0.026374968
noise,0.0,0.043990698
noise,0.0,0.072644204
noise,0.0,0.04970355
noise,0.0,0.040385388
noise,0.0,0.973752
noise,0.0,0.058267806
noise,0.0,0.029501047
noise,0.0,0.03373028
noise,0.0,0.027252747
noise,0.0,0.06274792
noise,0.0,0.041492622
noise,0.0,0.030085584
noise,0.0,0.10857336
noise,0.0,0.01223886
noise,0.0,0.05800973
noise,0.0,0.048453454
noise,0.0,0.051148687
noise,0.0,0.11598019
noise,0.0,0.15429547
noise,0.0,0.043445002
noise,0.0,0.04767038
noise,0.0,0.06456619
noise,0.0,0.80499583
noise,0.0,0.014452394
noise,0.0,0.77823
noise,0.0,0.07268015
noise,0.0,0.040195856
noise,0.0,0.061704855
noise,0.0,0.00977022
noise,0.0,0.1237315
noise,0.0,0.013835437
noise,0.0,0.011500015
noise,0.0,0.07388684
noise,0.0,0.0064407727
noise,0.0,0.03992771
noise,0.0,0.11061461
noise,0.0,0.02192115
noise,0.0,0.04101357
noise,0.0,0.10040186
noise,0.0,0.03863224
noise,0.0,0.09295881
noise,0.0,0.051019475
noise,0.0,0.036419287
noise,0.0,0.0324455
noise,0.0,0.033462293
noise,0.0,0.1430213
noise,0.0,0.01423391
noise,0.0,0.0043240907
noise,0.0,0.845186
noise,0.0,0.007543338
noise,0.0,0.026026793
noise,0.0,0.059257295
noise,0.0,0.12678544
noise,0.0,0.047883254
noise,0.0,0.12601751
noise,0.0,0.022919454
noise,0.0,0.05322436
noise,0.0,0.09356218
noise,0.0,0.043259528
noise,0.0,0.051319454
noise,0.0,0.05437525
noise,0.0,0.07378865
noise,0.0,0.04162859
noise,0.0,0.092090316
noise,0.0,0.028543144
noise,0.0,0.009347559
noise,0.0,0.0035879656
noise,0.0,0.08026933
noise,0.0,0.15116148
noise,0.0,0.14800079
noise,0.0,0.09071594
noise,0.0,0.8867487
noise,0.0,0.005798704
noise,0.0,0.007897845
noise,0.0,0.17532007
noise,0.0,0.037898473
noise,0.0,0.035634615
noise,0.0,0.07771764
noise,0.0,0.034241114
noise,0.0,0.009191597
noise,0.0,0.10094671
noise,0.0,0.018865075
noise,0.0,0.07352973
noise,0.0,0.03718016
noise,0.0,0.028681183
noise,0.0,0.022209585
noise,0.0,0.049491692
noise,0.0,0.41097388
noise,0.0,0.04244754
noise,0.0,0.03157232
noise,0.0,0.10330038
noise,0.0,0.05356054
noise,0.0,0.19257484
noise,0.0,0.015376173
noise,0.0,0.05495065
noise,0.0,0.04506055
noise,0.0,0.010995148
noise,0.0,0.04976203
noise,0.0,0.78498936
noise,0.0,0.23301041
noise,0.0,0.06510975
noise,0.0,0.029824868
noise,0.0,0.0896457
noise,0.0,0.87905157
noise,0.0,0.04041862
noise,0.0,0.06978888
noise,0.0,0.026119089
noise,0.0,0.00844021
noise,0.0,0.026545059
noise,0.0,0.03600047
noise,0.0,0.0719401
noise,0.0,0.75933075
noise,0.0,0.034004405
noise,0.0,0.07494574
noise,0.0,0.04210314
noise,0.0,0.04376255
noise,0.0,0.026872566
noise,0.0,0.01705494
noise,0.0,0.113826685
noise,0.0,0.043257955
noise,0.0,0.036702134
noise,0.0,0.051964615
noise,0.0,0.0747669
noise,0.0,0.049543172
noise,0.0,0.11250703
noise,0.0,0.05203856
noise,0.0,0.041366864
noise,0.0,0.17814448
noise,0.0,0.05160636
noise,0.0,0.014642897
noise,0.0,0.015556605
noise,0.0,0.04761348
noise,0.0,0.058920037
noise,0.0,0.02928006
noise,0.0,0.16365333
noise,0.0,0.034846816
noise,0.0,0.027436068
noise,0.0,0.058944583
noise,0.0,0.048782717
noise,0.0,0.042151876
noise,0.0,0.10382613
noise,0.0,0.12139442
noise,0.0,0.064079694
noise,0.0,0.03607735
noise,0.0,0.0463514
noise,0.0,0.032074206
noise,0.0,0.01090955
noise,0.0,0.026655452
noise,0.0,0.06399214
noise,0.0,0.013309428
noise,0.0,0.052378904
noise,0.0,0.17684823
noise,0.0,0.09182207
noise,0.0,0.080509014
noise,0.0,0.027105173
noise,0.0,0.033131108
noise,0.0,0.0719401
noise,0.0,0.0507126
noise,0.0,0.015631063
noise,0.0,0.3841064
noise,0.0,0.05118028
noise,0.0,0.01965044
noise,0.0,0.03438109
noise,0.0,0.041490555
noise,0.0,0.035828765
noise,0.0,0.01929474
noise,0.0,0.034126516
noise,0.0,0.08653213
noise,0.0,0.048335776
noise,0.0,0.049562592
noise,0.0,0.021890333
noise,0.0,0.02551367
noise,0.0,0.025583947
noise,0.0,0.0060177064
noise,0.0,0.02685306
noise,0.0,0.005446045
noise,0.0,0.053761754
noise,0.0,0.0813216
noise,0.0,0.05298841
noise,0.0,0.0043830588
noise,0.0,0.01946592
noise,0.0,0.05728103
noise,0.0,0.040424205
noise,0.0,0.033620622
noise,0.0,0.12841356
noise,0.0,0.8698526
noise,0.0,0.112321764
noise,0.0,0.02382189
noise,0.0,0.01045809
noise,0.0,0.03059964
noise,0.0,0.020162858
noise,0.0,0.030910458
noise,0.0,0.6885424
noise,0.0,0.045439754
noise,0.0,0.05292623
noise,0.0,0.07339841
noise,0.0,0.9531614
noise,0.0,0.080234036
noise,0.0,0.044073563
noise,0.0,0.064545944
noise,0.0,0.08034011
noise,0.0,0.025628764
noise,0.0,0.048989818
noise,0.0,0.039607976
noise,0.0,0.05794467
noise,0.0,0.6233589
noise,0.0,0.20326282
noise,0.0,0.05628558
noise,0.0,0.11267252
noise,0.0,0.048413113
noise,0.0,0.1299157
noise,0.0,0.10823785
noise,0.0,0.050382275
noise,0.0,0.011044684
noise,0.0,0.06974218
noise,0.0,0.027160594
noise,0.0,0.04860132
noise,0.0,0.0637689
noise,0.0,0.04988494
noise,0.0,0.0136522185
noise,0.0,0.052924667
noise,0.0,0.021604203
noise,0.0,0.03693133
noise,0.0,0.028681183
noise,0.0,0.033204917
noise,0.0,0.6279155
noise,0.0,0.37432066
noise,0.0,0.018791618
noise,0.0,0.045701254
noise,0.0,0.01594241
noise,0.0,0.041213922
noise,0.0,0.31174836
noise,0.0,0.0048728343
noise,0.0,0.03083535
noise,0.0,0.027796015
noise,0.0,0.0110309
noise,0.0,0.9005932
noise,0.0,0.11479846
noise,0.0,0.015264017
noise,0.0,0.057776336
noise,0.0,0.063061
noise,0.0,0.032258097
noise,0.0,0.069101915
noise,0.0,0.037898257
noise,0.0,0.04188221
noise,0.0,0.019778179
noise,0.0,0.052556932
noise,0.0,0.04777782
noise,0.0,0.048148718
noise,0.0,0.05339321
noise,0.0,0.03774885
noise,0.0,0.00680986
noise,0.0,0.08051399
noise,0.0,0.01933243
noise,0.0,0.18223442
noise,0.0,0.09366138
noise,0.0,0.040106107
noise,0.0,0.006687382
noise,0.0,0.095478885
noise,0.0,0.093347184
noise,0.0,0.014119586
noise,0.0,0.054275375
noise,0.0,0.047277827
noise,0.0,0.012320732
noise,0.0,0.0035540115
noise,0.0,0.11267252
noise,0.0,0.054093473
noise,0.0,0.060684852
noise,0.0,0.050972935
noise,0.0,0.2428667
noise,0.0,0.024187615
noise,0.0,0.018544937
noise,0.0,0.1888545
noise,0.0,0.0758759
noise,0.0,0.038781967
noise,0.0,0.007267266
noise,0.0,0.008930629
noise,0.0,0.06905554
noise,0.0,0.019003537
noise,0.0,0.053971138
noise,0.0,0.049512032
noise,0.0,0.85400444
noise,0.0,0.021452887
noise,0.0,0.05426393
noise,0.0,0.04669184
noise,0.0,0.02003308
noise,0.0,0.07330513
noise,0.0,0.0635191
noise,0.0,0.91863215
noise,0.0,0.011764773
noise,0.0,0.035578847
noise,0.0,0.06802465
noise,0.0,0.05186251
noise,0.0,0.022142751
noise,0.0,0.029952351
noise,0.0,0.025535788
noise,0.0,0.011544342
noise,0.0,0.87785256
noise,0.0,0.014144464
noise,0.0,0.019823125
noise,0.0,0.03233871
noise,0.0,0.0028448636
noise,0.0,0.048608553
noise,0.0,0.022651395
noise,0.0,0.018651443
noise,0.0,0.012733746
noise,0.0,0.084755875
noise,0.0,0.04165186
noise,0.0,0.04831788
noise,0.0,0.027297469
noise,0.0,0.055242978
noise,0.0,0.04384798
noise,0.0,0.005554132
noise,0.0,0.022245592
noise,0.0,0.041746125
noise,0.0,0.86108756
noise,0.0,0.062418405
noise,0.0,0.055714995
noise,0.0,0.026126005
noise,0.0,0.03243788
noise,0.0,0.064743005
noise,0.0,0.014386095
noise,0.0,0.053751204
noise,0.0,0.05012444
noise,0.0,0.02975209
noise,0.0,0.04453785
noise,0.0,0.02028369
noise,0.0,0.03708186
noise,0.0,0.052815966
noise,0.0,0.04875015
noise,0.0,0.023224507
noise,0.0,0.10316336
