filenames,y_true,probs
/gcs/heart-quality-training-78e/data/PhysioNet2022/training_data/84890_AV.wav,1.0,0.4327932298183441
/gcs/heart-quality-training-78e/data/PhysioNet2022/training_data/50004_PV.wav,1.0,0.4041118919849396
/gcs/heart-quality-training-78e/data/PhysioNet2022/training_data/84877_PV.wav,1.0,0.48523539304733276
/gcs/heart-quality-training-78e/data/PhysioNet2022/training_data/84894_TV.wav,1.0,0.43347615003585815
/gcs/heart-quality-training-78e/data/PhysioNet2022/training_data/84735_AV.wav,1.0,0.48935192823410034
/gcs/heart-quality-training-78e/data/PhysioNet2022/training_data/84992_AV.wav,1.0,0.5220465064048767
/gcs/heart-quality-training-78e/data/PhysioNet2022/training_data/50325_TV.wav,1.0,0.4416550099849701
/gcs/heart-quality-training-78e/data/PhysioNet2022/training_data/49585_PV.wav,1.0,0.46918612718582153
/gcs/heart-quality-training-78e/data/PhysioNet2022/training_data/50348_TV.wav,1.0,0.47249412536621094
/gcs/heart-quality-training-78e/data/PhysioNet2022/training_data/84894_AV.wav,1.0,0.4839818775653839
/gcs/heart-quality-training-78e/data/PhysioNet2022/training_data/50206_PV.wav,1.0,0.49079629778862
/gcs/heart-quality-training-78e/data/PhysioNet2022/training_data/84885_MV.wav,1.0,0.5144760012626648
/gcs/heart-quality-training-78e/data/PhysioNet2022/training_data/50625_MV.wav,1.0,0.47306856513023376
/gcs/heart-quality-training-78e/data/PhysioNet2022/training_data/85181_AV.wav,1.0,0.5075571537017822
/gcs/heart-quality-training-78e/data/PhysioNet2022/training_data/85197_AV.wav,1.0,0.5091624855995178
/gcs/heart-quality-training-78e/data/PhysioNet2022/training_data/84893_PV.wav,1.0,0.46875348687171936
/gcs/heart-quality-training-78e/data/PhysioNet2022/training_data/84930_AV.wav,1.0,0.4851509928703308
/gcs/heart-quality-training-78e/data/PhysioNet2022/training_data/49748_AV_2.wav,1.0,0.45236676931381226
/gcs/heart-quality-training-78e/data/PhysioNet2022/training_data/49574_AV.wav,1.0,0.46037232875823975
/gcs/heart-quality-training-78e/data/PhysioNet2022/training_data/50161_PV.wav,1.0,0.4836438298225403
/gcs/heart-quality-training-78e/data/PhysioNet2022/training_data/49748_AV_1.wav,1.0,0.4519682228565216
/gcs/heart-quality-training-78e/data/PhysioNet2022/training_data/50751_TV.wav,1.0,0.44935524463653564
/gcs/heart-quality-training-78e/data/PhysioNet2022/training_data/50074_PV.wav,1.0,0.4839116334915161
/gcs/heart-quality-training-78e/data/PhysioNet2022/training_data/64256_PV.wav,1.0,0.47564896941185
/gcs/heart-quality-training-78e/data/PhysioNet2022/training_data/68327_TV.wav,1.0,0.459098219871521
/gcs/heart-quality-training-78e/data/PhysioNet2022/training_data/49669_MV.wav,1.0,0.4216665029525757
/gcs/heart-quality-training-78e/data/PhysioNet2022/training_data/85184_AV.wav,1.0,0.44424208998680115
/gcs/heart-quality-training-78e/data/PhysioNet2022/training_data/85249_TV.wav,1.0,0.48899754881858826
/gcs/heart-quality-training-78e/data/PhysioNet2022/training_data/84840_TV.wav,1.0,0.4346470534801483
/gcs/heart-quality-training-78e/data/PhysioNet2022/training_data/50074_AV.wav,1.0,0.5013715028762817
/gcs/heart-quality-training-78e/data/PhysioNet2022/training_data/49930_TV.wav,1.0,0.5429230332374573
/gcs/heart-quality-training-78e/data/PhysioNet2022/training_data/68306_AV.wav,1.0,0.5113785266876221
/gcs/heart-quality-training-78e/data/PhysioNet2022/training_data/69125_AV.wav,1.0,0.5098588466644287
/gcs/heart-quality-training-78e/data/PhysioNet2022/training_data/49876_PV.wav,1.0,0.44368448853492737
/gcs/heart-quality-training-78e/data/PhysioNet2022/training_data/84709_PV.wav,1.0,0.4516189992427826
/gcs/heart-quality-training-78e/data/PhysioNet2022/training_data/50629_AV.wav,1.0,0.44510334730148315
/gcs/heart-quality-training-78e/data/PhysioNet2022/training_data/49873_AV.wav,1.0,0.47992992401123047
/gcs/heart-quality-training-78e/data/PhysioNet2022/training_data/84947_MV.wav,1.0,0.44738394021987915
/gcs/heart-quality-training-78e/data/PhysioNet2022/training_data/68363_MV.wav,1.0,0.46951332688331604
/gcs/heart-quality-training-78e/data/PhysioNet2022/training_data/50219_PV.wav,1.0,0.4534151256084442
/gcs/heart-quality-training-78e/data/PhysioNet2022/training_data/84917_PV.wav,1.0,0.4835794270038605
/gcs/heart-quality-training-78e/data/PhysioNet2022/training_data/50643_AV.wav,1.0,0.46707141399383545
/gcs/heart-quality-training-78e/data/PhysioNet2022/training_data/69155_MV.wav,1.0,0.48493504524230957
/gcs/heart-quality-training-78e/data/PhysioNet2022/training_data/68738_PV.wav,1.0,0.4614916145801544
/gcs/heart-quality-training-78e/data/PhysioNet2022/training_data/68886_MV.wav,1.0,0.4429452121257782
/gcs/heart-quality-training-78e/data/PhysioNet2022/training_data/84785_TV.wav,1.0,0.4881661534309387
/gcs/heart-quality-training-78e/data/PhysioNet2022/training_data/50122_PV.wav,1.0,0.48559561371803284
/gcs/heart-quality-training-78e/data/PhysioNet2022/training_data/84709_MV.wav,1.0,0.499509334564209
/gcs/heart-quality-training-78e/data/PhysioNet2022/training_data/50323_MV.wav,1.0,0.5099127292633057
/gcs/heart-quality-training-78e/data/PhysioNet2022/training_data/85075_PV.wav,1.0,0.5033183097839355
/gcs/heart-quality-training-78e/data/PhysioNet2022/training_data/50323_TV.wav,1.0,0.4451218545436859
/gcs/heart-quality-training-78e/data/PhysioNet2022/training_data/84758_AV.wav,1.0,0.4347093999385834
/gcs/heart-quality-training-78e/data/PhysioNet2022/training_data/84890_PV.wav,1.0,0.5404248833656311
/gcs/heart-quality-training-78e/data/PhysioNet2022/training_data/68886_AV.wav,1.0,0.4960792064666748
/gcs/heart-quality-training-78e/data/PhysioNet2022/training_data/50118_MV.wav,1.0,0.4417382776737213
/gcs/heart-quality-training-78e/data/PhysioNet2022/training_data/50314_AV.wav,1.0,0.4920273721218109
/gcs/heart-quality-training-78e/data/PhysioNet2022/training_data/49669_PV.wav,1.0,0.4834316372871399
/gcs/heart-quality-training-78e/data/PhysioNet2022/training_data/50316_AV.wav,1.0,0.45979899168014526
/gcs/heart-quality-training-78e/data/PhysioNet2022/training_data/84877_TV.wav,1.0,0.4872986674308777
/gcs/heart-quality-training-78e/data/PhysioNet2022/training_data/69144_AV.wav,1.0,0.46271058917045593
/gcs/heart-quality-training-78e/data/PhysioNet2022/training_data/50219_AV.wav,1.0,0.4803429841995239
/gcs/heart-quality-training-78e/data/PhysioNet2022/training_data/84749_TV.wav,1.0,0.5028612613677979
/gcs/heart-quality-training-78e/data/PhysioNet2022/training_data/85249_PV.wav,1.0,0.4719178080558777
/gcs/heart-quality-training-78e/data/PhysioNet2022/training_data/85242_MV.wav,1.0,0.4861537218093872
/gcs/heart-quality-training-78e/data/PhysioNet2022/training_data/69093_MV.wav,1.0,0.5310535430908203
/gcs/heart-quality-training-78e/data/PhysioNet2022/training_data/85341_MV.wav,1.0,0.5414925813674927
/gcs/heart-quality-training-78e/data/PhysioNet2022/training_data/50074_TV.wav,1.0,0.4325557053089142
/gcs/heart-quality-training-78e/data/PhysioNet2022/training_data/50725_AV.wav,1.0,0.48300522565841675
/gcs/heart-quality-training-78e/data/PhysioNet2022/training_data/50066_MV.wav,1.0,0.47595036029815674
/gcs/heart-quality-training-78e/data/PhysioNet2022/training_data/50260_PV.wav,1.0,0.49214062094688416
/gcs/heart-quality-training-78e/data/PhysioNet2022/training_data/84749_MV.wav,1.0,0.48392659425735474
/gcs/heart-quality-training-78e/data/PhysioNet2022/training_data/85197_PV.wav,1.0,0.5072083473205566
/gcs/heart-quality-training-78e/data/PhysioNet2022/training_data/84735_PV.wav,1.0,0.4813397526741028
/gcs/heart-quality-training-78e/data/PhysioNet2022/training_data/85249_AV.wav,1.0,0.4683586061000824
/gcs/heart-quality-training-78e/data/PhysioNet2022/training_data/49876_TV.wav,1.0,0.44631004333496094
/gcs/heart-quality-training-78e/data/PhysioNet2022/training_data/50820_TV.wav,1.0,0.48495370149612427
/gcs/heart-quality-training-78e/data/PhysioNet2022/training_data/84747_TV.wav,1.0,0.46557027101516724
/gcs/heart-quality-training-78e/data/PhysioNet2022/training_data/50625_AV.wav,1.0,0.4776393473148346
/gcs/heart-quality-training-78e/data/PhysioNet2022/training_data/84785_PV.wav,1.0,0.469390869140625
/gcs/heart-quality-training-78e/data/PhysioNet2022/training_data/84917_MV.wav,1.0,0.484341561794281
/gcs/heart-quality-training-78e/data/PhysioNet2022/training_data/68407_TV.wav,1.0,0.5532738566398621
/gcs/heart-quality-training-78e/data/PhysioNet2022/training_data/68306_MV.wav,1.0,0.47517046332359314
/gcs/heart-quality-training-78e/data/PhysioNet2022/training_data/50206_TV.wav,1.0,0.480223149061203
/gcs/heart-quality-training-78e/data/PhysioNet2022/training_data/69125_PV.wav,1.0,0.467358261346817
/gcs/heart-quality-training-78e/data/PhysioNet2022/training_data/50023_PV.wav,1.0,0.517542839050293
/gcs/heart-quality-training-78e/data/PhysioNet2022/training_data/84749_PV.wav,1.0,0.4607672095298767
/gcs/heart-quality-training-78e/data/PhysioNet2022/training_data/50325_AV.wav,1.0,0.48255589604377747
/gcs/heart-quality-training-78e/data/PhysioNet2022/training_data/50004_TV.wav,1.0,0.48316797614097595
/gcs/heart-quality-training-78e/data/PhysioNet2022/training_data/69068_TV.wav,1.0,0.44375744462013245
/gcs/heart-quality-training-78e/data/PhysioNet2022/training_data/50122_MV.wav,1.0,0.47957873344421387
/gcs/heart-quality-training-78e/data/PhysioNet2022/training_data/84992_PV.wav,1.0,0.4871532917022705
/gcs/heart-quality-training-78e/data/PhysioNet2022/training_data/50664_AV.wav,1.0,0.44742560386657715
/gcs/heart-quality-training-78e/data/PhysioNet2022/training_data/50219_MV.wav,1.0,0.49422597885131836
/gcs/heart-quality-training-78e/data/PhysioNet2022/training_data/84840_MV.wav,1.0,0.49199482798576355
/gcs/heart-quality-training-78e/data/PhysioNet2022/training_data/84877_MV.wav,1.0,0.49864646792411804
/gcs/heart-quality-training-78e/data/PhysioNet2022/training_data/50668_TV.wav,1.0,0.505544126033783
/gcs/heart-quality-training-78e/data/PhysioNet2022/training_data/50668_PV.wav,1.0,0.4640195071697235
/gcs/heart-quality-training-78e/data/PhysioNet2022/training_data/85010_PV.wav,1.0,0.4574339687824249
/gcs/heart-quality-training-78e/data/PhysioNet2022/training_data/85075_AV.wav,1.0,0.47141069173812866
/gcs/heart-quality-training-78e/data/PhysioNet2022/training_data/84890_MV.wav,1.0,0.48926541209220886
/gcs/heart-quality-training-78e/data/PhysioNet2022/training_data/68487_TV.wav,1.0,0.4660945236682892
/gcs/heart-quality-training-78e/data/PhysioNet2022/training_data/68952_TV.wav,1.0,0.48171907663345337
/gcs/heart-quality-training-78e/data/PhysioNet2022/training_data/49876_MV.wav,1.0,0.44951683282852173
/gcs/heart-quality-training-78e/data/PhysioNet2022/training_data/84699_AV.wav,1.0,0.5123485326766968
/gcs/heart-quality-training-78e/data/PhysioNet2022/training_data/49808_PV.wav,1.0,0.48484164476394653
/gcs/heart-quality-training-78e/data/PhysioNet2022/training_data/50314_TV.wav,1.0,0.507733941078186
/gcs/heart-quality-training-78e/data/PhysioNet2022/training_data/49808_TV.wav,1.0,0.4781131446361542
/gcs/heart-quality-training-78e/data/PhysioNet2022/training_data/50004_MV.wav,1.0,0.4939913749694824
/gcs/heart-quality-training-78e/data/PhysioNet2022/training_data/69161_PV.wav,1.0,0.46584874391555786
/gcs/heart-quality-training-78e/data/PhysioNet2022/training_data/69068_AV.wav,1.0,0.4921465218067169
/gcs/heart-quality-training-78e/data/PhysioNet2022/training_data/84877_AV.wav,1.0,0.5004103183746338
/gcs/heart-quality-training-78e/data/PhysioNet2022/training_data/85133_PV.wav,1.0,0.4764051139354706
/gcs/heart-quality-training-78e/data/PhysioNet2022/training_data/84749_AV.wav,1.0,0.4504229724407196
/gcs/heart-quality-training-78e/data/PhysioNet2022/training_data/50664_PV.wav,1.0,0.44508519768714905
/gcs/heart-quality-training-78e/data/PhysioNet2022/training_data/49585_MV.wav,1.0,0.4510582387447357
/gcs/heart-quality-training-78e/data/PhysioNet2022/training_data/84758_TV.wav,1.0,0.48475098609924316
/gcs/heart-quality-training-78e/data/PhysioNet2022/training_data/50023_AV.wav,1.0,0.5085049271583557
/gcs/heart-quality-training-78e/data/PhysioNet2022/training_data/68407_AV.wav,1.0,0.48034563660621643
/gcs/heart-quality-training-78e/data/PhysioNet2022/training_data/50323_PV.wav,1.0,0.47391247749328613
/gcs/heart-quality-training-78e/data/PhysioNet2022/training_data/50348_PV.wav,1.0,0.4819214344024658
/gcs/heart-quality-training-78e/data/PhysioNet2022/training_data/50005_MV.wav,1.0,0.4767324924468994
/gcs/heart-quality-training-78e/data/PhysioNet2022/training_data/85184_PV.wav,1.0,0.47427403926849365
/gcs/heart-quality-training-78e/data/PhysioNet2022/training_data/68886_PV.wav,1.0,0.48573097586631775
/gcs/heart-quality-training-78e/data/PhysioNet2022/training_data/69068_PV.wav,1.0,0.45661088824272156
/gcs/heart-quality-training-78e/data/PhysioNet2022/training_data/85197_MV.wav,1.0,0.48494982719421387
/gcs/heart-quality-training-78e/data/PhysioNet2022/training_data/84917_TV.wav,1.0,0.47256994247436523
/gcs/heart-quality-training-78e/data/PhysioNet2022/training_data/68901_TV.wav,1.0,0.45586246252059937
/gcs/heart-quality-training-78e/data/PhysioNet2022/training_data/85133_AV.wav,1.0,0.4660126566886902
/gcs/heart-quality-training-78e/data/PhysioNet2022/training_data/50325_PV.wav,1.0,0.508680522441864
/gcs/heart-quality-training-78e/data/PhysioNet2022/training_data/50669_PV.wav,1.0,0.4857797622680664
/gcs/heart-quality-training-78e/data/PhysioNet2022/training_data/50643_MV.wav,1.0,0.514972984790802
/gcs/heart-quality-training-78e/data/PhysioNet2022/training_data/50066_AV.wav,1.0,0.48418015241622925
/gcs/heart-quality-training-78e/data/PhysioNet2022/training_data/68407_MV.wav,1.0,0.4278845489025116
/gcs/heart-quality-training-78e/data/PhysioNet2022/training_data/78592_TV.wav,1.0,0.45986080169677734
/gcs/heart-quality-training-78e/data/PhysioNet2022/training_data/49748_MV.wav,1.0,0.49807092547416687
/gcs/heart-quality-training-78e/data/PhysioNet2022/training_data/49574_TV.wav,1.0,0.44463786482810974
/gcs/heart-quality-training-78e/data/PhysioNet2022/training_data/50291_MV.wav,1.0,0.470788836479187
/gcs/heart-quality-training-78e/data/PhysioNet2022/training_data/50751_PV.wav,1.0,0.46359968185424805
/gcs/heart-quality-training-78e/data/PhysioNet2022/training_data/49821_TV.wav,1.0,0.4821411967277527
/gcs/heart-quality-training-78e/data/PhysioNet2022/training_data/68306_PV.wav,1.0,0.5067689418792725
/gcs/heart-quality-training-78e/data/PhysioNet2022/training_data/69144_MV.wav,1.0,0.46407395601272583
/gcs/heart-quality-training-78e/data/PhysioNet2022/training_data/49930_AV.wav,1.0,0.4341672956943512
/gcs/heart-quality-training-78e/data/PhysioNet2022/training_data/49585_AV.wav,1.0,0.45614150166511536
/gcs/heart-quality-training-78e/data/PhysioNet2022/training_data/68952_PV.wav,1.0,0.4610499441623688
/gcs/heart-quality-training-78e/data/PhysioNet2022/training_data/50314_MV.wav,1.0,0.45008066296577454
/gcs/heart-quality-training-78e/data/PhysioNet2022/training_data/84885_AV.wav,1.0,0.48284226655960083
/gcs/heart-quality-training-78e/data/PhysioNet2022/training_data/84699_MV.wav,1.0,0.49000126123428345
/gcs/heart-quality-training-78e/data/PhysioNet2022/training_data/49930_PV.wav,1.0,0.47136974334716797
/gcs/heart-quality-training-78e/data/PhysioNet2022/training_data/84947_TV.wav,1.0,0.4716702997684479
/gcs/heart-quality-training-78e/data/PhysioNet2022/training_data/84893_AV.wav,1.0,0.44985759258270264
/gcs/heart-quality-training-78e/data/PhysioNet2022/training_data/85010_TV.wav,1.0,0.477501779794693
/gcs/heart-quality-training-78e/data/PhysioNet2022/training_data/84894_MV.wav,1.0,0.5023936033248901
/gcs/heart-quality-training-78e/data/PhysioNet2022/training_data/85033_MV.wav,1.0,0.46892085671424866
/gcs/heart-quality-training-78e/data/PhysioNet2022/training_data/85341_AV.wav,1.0,0.5124649405479431
/gcs/heart-quality-training-78e/data/PhysioNet2022/training_data/84917_AV.wav,1.0,0.43871641159057617
/gcs/heart-quality-training-78e/data/PhysioNet2022/training_data/49748_PV_2.wav,1.0,0.4739426076412201
/gcs/heart-quality-training-78e/data/PhysioNet2022/training_data/84930_TV.wav,1.0,0.4823784828186035
/gcs/heart-quality-training-78e/data/PhysioNet2022/training_data/68901_MV.wav,1.0,0.49833354353904724
/gcs/heart-quality-training-78e/data/PhysioNet2022/training_data/85262_MV.wav,1.0,0.46471038460731506
/gcs/heart-quality-training-78e/data/PhysioNet2022/training_data/68952_AV.wav,1.0,0.5191960334777832
/gcs/heart-quality-training-78e/data/PhysioNet2022/training_data/68487_PV.wav,1.0,0.46777281165122986
/gcs/heart-quality-training-78e/data/PhysioNet2022/training_data/50751_MV.wav,1.0,0.49428337812423706
/gcs/heart-quality-training-78e/data/PhysioNet2022/training_data/85010_MV.wav,1.0,0.4644630551338196
/gcs/heart-quality-training-78e/data/PhysioNet2022/training_data/50204_AV.wav,1.0,0.4734799861907959
/gcs/heart-quality-training-78e/data/PhysioNet2022/training_data/49574_MV.wav,1.0,0.5044302344322205
/gcs/heart-quality-training-78e/data/PhysioNet2022/training_data/78592_MV.wav,1.0,0.45904290676116943
/gcs/heart-quality-training-78e/data/PhysioNet2022/training_data/49876_AV.wav,1.0,0.49804767966270447
/gcs/heart-quality-training-78e/data/PhysioNet2022/training_data/68738_TV.wav,1.0,0.5300489068031311
/gcs/heart-quality-training-78e/data/PhysioNet2022/training_data/50820_MV.wav,1.0,0.5146499872207642
/gcs/heart-quality-training-78e/data/PhysioNet2022/training_data/69125_TV.wav,1.0,0.5188705921173096
/gcs/heart-quality-training-78e/data/PhysioNet2022/training_data/49821_PV.wav,1.0,0.4630689024925232
/gcs/heart-quality-training-78e/data/PhysioNet2022/training_data/85288_TV.wav,1.0,0.5141367316246033
/gcs/heart-quality-training-78e/data/PhysioNet2022/training_data/84709_TV.wav,1.0,0.47205159068107605
/gcs/heart-quality-training-78e/data/PhysioNet2022/training_data/50348_AV_1.wav,1.0,0.4776901602745056
/gcs/heart-quality-training-78e/data/PhysioNet2022/training_data/68327_MV.wav,1.0,0.4575078785419464
/gcs/heart-quality-training-78e/data/PhysioNet2022/training_data/69144_PV.wav,1.0,0.5156901478767395
/gcs/heart-quality-training-78e/data/PhysioNet2022/training_data/85010_AV.wav,1.0,0.5068278312683105
/gcs/heart-quality-training-78e/data/PhysioNet2022/training_data/69155_TV.wav,1.0,0.5111928582191467
/gcs/heart-quality-training-78e/data/PhysioNet2022/training_data/84939_PV.wav,1.0,0.4779505729675293
/gcs/heart-quality-training-78e/data/PhysioNet2022/training_data/69112_AV.wav,1.0,0.4432244598865509
/gcs/heart-quality-training-78e/data/PhysioNet2022/training_data/85262_PV.wav,1.0,0.46169501543045044
/gcs/heart-quality-training-78e/data/PhysioNet2022/training_data/49821_MV.wav,1.0,0.48805129528045654
/gcs/heart-quality-training-78e/data/PhysioNet2022/training_data/84699_PV.wav,1.0,0.4581424295902252
/gcs/heart-quality-training-78e/data/PhysioNet2022/training_data/50204_MV_2.wav,1.0,0.454450786113739
/gcs/heart-quality-training-78e/data/PhysioNet2022/training_data/50074_MV.wav,1.0,0.4844011962413788
/gcs/heart-quality-training-78e/data/PhysioNet2022/training_data/68901_PV.wav,1.0,0.4653571546077728
/gcs/heart-quality-training-78e/data/PhysioNet2022/training_data/50316_MV.wav,1.0,0.4547395706176758
/gcs/heart-quality-training-78e/data/PhysioNet2022/training_data/50161_MV.wav,1.0,0.5030321478843689
/gcs/heart-quality-training-78e/data/PhysioNet2022/training_data/84939_TV.wav,1.0,0.5051726698875427
/gcs/heart-quality-training-78e/data/PhysioNet2022/training_data/50669_TV.wav,1.0,0.47746503353118896
/gcs/heart-quality-training-78e/data/PhysioNet2022/training_data/68337_AV.wav,1.0,0.4671870172023773
/gcs/heart-quality-training-78e/data/PhysioNet2022/training_data/50629_MV.wav,1.0,0.45581525564193726
/gcs/heart-quality-training-78e/data/PhysioNet2022/training_data/84750_AV.wav,1.0,0.47021007537841797
/gcs/heart-quality-training-78e/data/PhysioNet2022/training_data/68487_AV.wav,1.0,0.5071229338645935
/gcs/heart-quality-training-78e/data/PhysioNet2022/training_data/85288_MV.wav,1.0,0.4714305102825165
/gcs/heart-quality-training-78e/data/PhysioNet2022/training_data/50161_TV.wav,1.0,0.4907757341861725
/gcs/heart-quality-training-78e/data/PhysioNet2022/training_data/85114_AV.wav,1.0,0.48370468616485596
/gcs/heart-quality-training-78e/data/PhysioNet2022/training_data/50678_PV.wav,1.0,0.46612349152565
/gcs/heart-quality-training-78e/data/PhysioNet2022/training_data/85288_AV.wav,1.0,0.49834907054901123
/gcs/heart-quality-training-78e/data/PhysioNet2022/training_data/84785_AV.wav,1.0,0.4834595322608948
/gcs/heart-quality-training-78e/data/PhysioNet2022/training_data/49574_PV.wav,1.0,0.4831019937992096
/gcs/heart-quality-training-78e/data/PhysioNet2022/training_data/85133_TV.wav,1.0,0.5035499930381775
/gcs/heart-quality-training-78e/data/PhysioNet2022/training_data/69112_PV.wav,1.0,0.4926835894584656
/gcs/heart-quality-training-78e/data/PhysioNet2022/training_data/68487_MV.wav,1.0,0.45870280265808105
/gcs/heart-quality-training-78e/data/PhysioNet2022/training_data/50725_TV.wav,1.0,0.46397465467453003
/gcs/heart-quality-training-78e/data/PhysioNet2022/training_data/68738_MV.wav,1.0,0.46376797556877136
/gcs/heart-quality-training-78e/data/PhysioNet2022/training_data/68886_TV.wav,1.0,0.43694135546684265
/gcs/heart-quality-training-78e/data/PhysioNet2022/training_data/69161_TV.wav,1.0,0.5050944089889526
/gcs/heart-quality-training-78e/data/PhysioNet2022/training_data/50118_PV.wav,1.0,0.45480239391326904
/gcs/heart-quality-training-78e/data/PhysioNet2022/training_data/49821_AV.wav,1.0,0.5270176529884338
/gcs/heart-quality-training-78e/data/PhysioNet2022/training_data/69112_TV.wav,1.0,0.48674476146698
/gcs/heart-quality-training-78e/data/PhysioNet2022/training_data/50291_AV.wav,1.0,0.4699757397174835
/gcs/heart-quality-training-78e/data/PhysioNet2022/training_data/85114_MV.wav,1.0,0.4692034125328064
/gcs/heart-quality-training-78e/data/PhysioNet2022/training_data/50668_AV.wav,1.0,0.4813304543495178
/gcs/heart-quality-training-78e/data/PhysioNet2022/training_data/50744_PV.wav,1.0,0.46380043029785156
/gcs/heart-quality-training-78e/data/PhysioNet2022/training_data/84930_PV.wav,1.0,0.44657987356185913
/gcs/heart-quality-training-78e/data/PhysioNet2022/training_data/84969_MV.wav,1.0,0.46145299077033997
/gcs/heart-quality-training-78e/data/PhysioNet2022/training_data/84939_MV.wav,1.0,0.4348464906215668
/gcs/heart-quality-training-78e/data/PhysioNet2022/training_data/69093_AV.wav,1.0,0.42718690633773804
/gcs/heart-quality-training-78e/data/PhysioNet2022/training_data/78592_AV.wav,1.0,0.4974464774131775
/gcs/heart-quality-training-78e/data/PhysioNet2022/training_data/50348_MV.wav,1.0,0.4563237130641937
/gcs/heart-quality-training-78e/data/PhysioNet2022/training_data/50725_PV.wav,1.0,0.4825538396835327
/gcs/heart-quality-training-78e/data/PhysioNet2022/training_data/50023_TV.wav,1.0,0.4751349985599518
/gcs/heart-quality-training-78e/data/PhysioNet2022/training_data/50220_AV.wav,1.0,0.4792356491088867
/gcs/heart-quality-training-78e/data/PhysioNet2022/training_data/69144_TV.wav,1.0,0.4770665168762207
/gcs/heart-quality-training-78e/data/PhysioNet2022/training_data/84939_AV.wav,1.0,0.4551147520542145
/gcs/heart-quality-training-78e/data/PhysioNet2022/training_data/50725_MV.wav,1.0,0.5139244794845581
/gcs/heart-quality-training-78e/data/PhysioNet2022/training_data/84699_TV.wav,1.0,0.47094225883483887
/gcs/heart-quality-training-78e/data/PhysioNet2022/training_data/84947_PV.wav,1.0,0.4604344964027405
/gcs/heart-quality-training-78e/data/PhysioNet2022/training_data/85075_MV.wav,1.0,0.5392934083938599
/gcs/heart-quality-training-78e/data/PhysioNet2022/training_data/50644_MV.wav,1.0,0.4574446976184845
/gcs/heart-quality-training-78e/data/PhysioNet2022/training_data/84947_AV.wav,1.0,0.4691733419895172
/gcs/heart-quality-training-78e/data/PhysioNet2022/training_data/50669_MV.wav,1.0,0.4552590548992157
/gcs/heart-quality-training-78e/data/PhysioNet2022/training_data/49930_MV.wav,1.0,0.4402107298374176
/gcs/heart-quality-training-78e/data/PhysioNet2022/training_data/85288_PV.wav,1.0,0.45643335580825806
/gcs/heart-quality-training-78e/data/PhysioNet2022/training_data/49748_PV_1.wav,1.0,0.4979327917098999
/gcs/heart-quality-training-78e/data/PhysioNet2022/training_data/69112_MV.wav,1.0,0.5016734004020691
/gcs/heart-quality-training-78e/data/PhysioNet2022/training_data/50260_AV.wav,1.0,0.4997596740722656
/gcs/heart-quality-training-78e/data/PhysioNet2022/training_data/85181_PV.wav,1.0,0.5475994348526001
/gcs/heart-quality-training-78e/data/PhysioNet2022/training_data/50820_PV.wav,1.0,0.5397859215736389
/gcs/heart-quality-training-78e/data/PhysioNet2022/training_data/50206_MV.wav,1.0,0.49386894702911377
/gcs/heart-quality-training-78e/data/PhysioNet2022/training_data/68327_PV.wav,1.0,0.5201728940010071
/gcs/heart-quality-training-78e/data/PhysioNet2022/training_data/50751_AV.wav,1.0,0.4406382441520691
/gcs/heart-quality-training-78e/data/PhysioNet2022/training_data/50118_TV.wav,1.0,0.4772298038005829
/gcs/heart-quality-training-78e/data/PhysioNet2022/training_data/74420_AV.wav,1.0,0.4644564688205719
/gcs/heart-quality-training-78e/data/PhysioNet2022/training_data/69093_PV.wav,1.0,0.47079113125801086
/gcs/heart-quality-training-78e/data/PhysioNet2022/training_data/50260_MV.wav,1.0,0.47082099318504333
/gcs/heart-quality-training-78e/data/PhysioNet2022/training_data/68363_AV.wav,1.0,0.4939987063407898
/gcs/heart-quality-training-78e/data/PhysioNet2022/training_data/69155_PV.wav,1.0,0.42856746912002563
/gcs/heart-quality-training-78e/data/PhysioNet2022/training_data/50744_MV.wav,1.0,0.47373032569885254
/gcs/heart-quality-training-78e/data/PhysioNet2022/training_data/84735_MV.wav,1.0,0.46468988060951233
/gcs/heart-quality-training-78e/data/PhysioNet2022/training_data/49808_MV.wav,1.0,0.48190683126449585
/gcs/heart-quality-training-78e/data/PhysioNet2022/training_data/50668_MV.wav,1.0,0.47034600377082825
/gcs/heart-quality-training-78e/data/PhysioNet2022/training_data/78592_PV.wav,1.0,0.4901864528656006
/gcs/heart-quality-training-78e/data/PhysioNet2022/training_data/50220_MV.wav,1.0,0.4898397624492645
/gcs/heart-quality-training-78e/data/PhysioNet2022/training_data/85197_TV.wav,1.0,0.48428475856781006
/gcs/heart-quality-training-78e/data/PhysioNet2022/training_data/84750_TV.wav,1.0,0.48493295907974243
/gcs/heart-quality-training-78e/data/PhysioNet2022/training_data/85114_TV.wav,1.0,0.5333614945411682
/gcs/heart-quality-training-78e/data/PhysioNet2022/training_data/50204_MV_1.wav,1.0,0.5095139145851135
/gcs/heart-quality-training-78e/data/PhysioNet2022/training_data/50325_MV.wav,1.0,0.5243699550628662
/gcs/heart-quality-training-78e/data/PhysioNet2022/training_data/69093_TV.wav,1.0,0.4763709306716919
/gcs/heart-quality-training-78e/data/PhysioNet2022/training_data/68901_AV.wav,1.0,0.5076676607131958
/gcs/heart-quality-training-78e/data/PhysioNet2022/training_data/84890_TV.wav,1.0,0.5039851069450378
/gcs/heart-quality-training-78e/data/PhysioNet2022/training_data/68337_TV.wav,1.0,0.4839474558830261
/gcs/heart-quality-training-78e/data/PhysioNet2022/training_data/85033_AV.wav,1.0,0.5217621326446533
/gcs/heart-quality-training-78e/data/PhysioNet2022/training_data/84750_PV.wav,1.0,0.4560476541519165
/gcs/heart-quality-training-78e/data/PhysioNet2022/training_data/50678_TV.wav,1.0,0.48233625292778015
/gcs/heart-quality-training-78e/data/PhysioNet2022/training_data/68337_PV.wav,1.0,0.4760472774505615
/gcs/heart-quality-training-78e/data/PhysioNet2022/training_data/68337_MV.wav,1.0,0.4806581735610962
/gcs/heart-quality-training-78e/data/PhysioNet2022/training_data/68327_AV.wav,1.0,0.47425901889801025
/gcs/heart-quality-training-78e/data/PhysioNet2022/training_data/49585_TV.wav,1.0,0.4961530864238739
/gcs/heart-quality-training-78e/data/PhysioNet2022/training_data/50314_PV.wav,1.0,0.47238099575042725
/gcs/heart-quality-training-78e/data/PhysioNet2022/training_data/49873_MV.wav,1.0,0.4698871672153473
/gcs/heart-quality-training-78e/data/PhysioNet2022/training_data/84735_TV.wav,1.0,0.4797382950782776
/gcs/heart-quality-training-78e/data/PhysioNet2022/training_data/50644_AV.wav,1.0,0.460590124130249
/gcs/heart-quality-training-78e/data/PhysioNet2022/training_data/49748_TV.wav,1.0,0.4236208200454712
/gcs/heart-quality-training-78e/data/PhysioNet2022/training_data/68952_MV.wav,1.0,0.48670393228530884
/gcs/heart-quality-training-78e/data/PhysioNet2022/training_data/85184_TV.wav,1.0,0.4660617411136627
/gcs/heart-quality-training-78e/data/PhysioNet2022/training_data/85341_PV.wav,1.0,0.5264701843261719
/gcs/heart-quality-training-78e/data/PhysioNet2022/training_data/85075_TV.wav,1.0,0.47826361656188965
/gcs/heart-quality-training-78e/data/PhysioNet2022/training_data/74420_MV.wav,1.0,0.47488275170326233
/gcs/heart-quality-training-78e/data/PhysioNet2022/training_data/84894_PV.wav,1.0,0.4710049629211426
/gcs/heart-quality-training-78e/data/PhysioNet2022/training_data/50744_TV.wav,1.0,0.4875551164150238
/gcs/heart-quality-training-78e/data/PhysioNet2022/training_data/68306_TV.wav,1.0,0.4863661527633667
/gcs/heart-quality-training-78e/data/PhysioNet2022/training_data/84720_AV.wav,1.0,0.46578794717788696
/gcs/heart-quality-training-78e/data/PhysioNet2022/training_data/64256_TV.wav,1.0,0.5207179188728333
/gcs/heart-quality-training-78e/data/PhysioNet2022/training_data/84709_AV.wav,1.0,0.5043361186981201
/gcs/heart-quality-training-78e/data/PhysioNet2022/training_data/50820_AV.wav,1.0,0.4650403559207916
/gcs/heart-quality-training-78e/data/PhysioNet2022/training_data/50122_TV.wav,1.0,0.4942150115966797
/gcs/heart-quality-training-78e/data/PhysioNet2022/training_data/85262_AV.wav,1.0,0.47042620182037354
/gcs/heart-quality-training-78e/data/PhysioNet2022/training_data/85133_MV.wav,1.0,0.45761388540267944
/gcs/heart-quality-training-78e/data/PhysioNet2022/training_data/68407_PV.wav,1.0,0.4836790859699249
/gcs/heart-quality-training-78e/data/PhysioNet2022/training_data/85262_TV.wav,1.0,0.46460044384002686
/gcs/heart-quality-training-78e/data/PhysioNet2022/training_data/84992_TV.wav,1.0,0.5008581876754761
/gcs/heart-quality-training-78e/data/PhysioNet2022/training_data/84785_MV.wav,1.0,0.5309994220733643
/gcs/heart-quality-training-78e/data/PhysioNet2022/training_data/69161_AV.wav,1.0,0.48168256878852844
/gcs/heart-quality-training-78e/data/PhysioNet2022/training_data/84758_PV.wav,1.0,0.4389093816280365
/gcs/heart-quality-training-78e/data/PhysioNet2022/training_data/84930_MV.wav,1.0,0.501602292060852
/gcs/heart-quality-training-78e/data/PhysioNet2022/training_data/64256_MV.wav,1.0,0.48220294713974
/gcs/heart-quality-training-78e/data/PhysioNet2022/training_data/85033_TV.wav,1.0,0.4817471504211426
/gcs/heart-quality-training-78e/data/PhysioNet2022/training_data/85155_AV.wav,1.0,0.4584938883781433
/gcs/heart-quality-training-78e/data/PhysioNet2022/training_data/85114_PV.wav,1.0,0.4943326711654663
/gcs/heart-quality-training-78e/data/PhysioNet2022/training_data/85249_MV.wav,1.0,0.49116793274879456
/gcs/heart-quality-training-78e/data/PhysioNet2022/training_data/50023_MV.wav,1.0,0.5031933784484863
/gcs/heart-quality-training-78e/data/PhysioNet2022/training_data/69125_MV.wav,1.0,0.509270429611206
/gcs/heart-quality-training-78e/data/PhysioNet2022/training_data/50291_PV.wav,1.0,0.5374804735183716
/gcs/heart-quality-training-78e/data/PhysioNet2022/training_data/50260_TV.wav,1.0,0.462816447019577
/gcs/heart-quality-training-78e/data/PhysioNet2022/training_data/85033_PV.wav,1.0,0.4878275394439697
/gcs/heart-quality-training-78e/data/PhysioNet2022/training_data/85341_TV.wav,1.0,0.48183828592300415
/gcs/heart-quality-training-78e/data/PhysioNet2022/training_data/50323_AV.wav,1.0,0.4580738842487335
/gcs/heart-quality-training-78e/data/PhysioNet2022/training_data/69161_MV.wav,1.0,0.4469890594482422
/gcs/heart-quality-training-78e/data/PhysioNet2022/training_data/50744_AV.wav,1.0,0.4699844717979431
/gcs/heart-quality-training-78e/data/PhysioNet2022/training_data/84750_MV.wav,1.0,0.4692241847515106
/gcs/heart-quality-training-78e/data/PhysioNet2022/training_data/50678_MV.wav,1.0,0.48654088377952576
/gcs/heart-quality-training-78e/data/PhysioNet2022/training_data/50348_AV_2.wav,1.0,0.4380377233028412
/gcs/heart-quality-training-78e/data/PhysioNet2022/training_data/68738_AV.wav,1.0,0.47716110944747925
/gcs/heart-quality-training-78e/data/PhysioNet2022/training_data/85184_MV.wav,1.0,0.48076286911964417
/gcs/heart-quality-training-78e/data/PhysioNet2022/training_data/50669_AV.wav,1.0,0.5073423981666565
/gcs/heart-quality-training-78e/data/PhysioNet2022/training_data/84758_MV.wav,1.0,0.5041927099227905
/gcs/heart-quality-training-78e/data/PhysioNet2022/training_data/69068_MV.wav,1.0,0.48214834928512573
noise,0.0,0.4801074266433716
noise,0.0,0.4579136371612549
noise,0.0,0.5001919865608215
noise,0.0,0.5160386562347412
noise,0.0,0.5432138442993164
noise,0.0,0.4542505741119385
noise,0.0,0.46860212087631226
noise,0.0,0.4968576729297638
noise,0.0,0.5037849545478821
noise,0.0,0.5319927334785461
noise,0.0,0.47231653332710266
noise,0.0,0.4541284441947937
noise,0.0,0.49348676204681396
noise,0.0,0.49409356713294983
noise,0.0,0.46441349387168884
noise,0.0,0.4475053548812866
noise,0.0,0.5081537961959839
noise,0.0,0.499947190284729
noise,0.0,0.4832679033279419
noise,0.0,0.4559675455093384
noise,0.0,0.43509331345558167
noise,0.0,0.49301090836524963
noise,0.0,0.45566120743751526
noise,0.0,0.4754355549812317
noise,0.0,0.4969235360622406
noise,0.0,0.4437829852104187
noise,0.0,0.48278358578681946
noise,0.0,0.48024970293045044
noise,0.0,0.5025168657302856
noise,0.0,0.4820097088813782
noise,0.0,0.501588761806488
noise,0.0,0.44158443808555603
noise,0.0,0.4661957025527954
noise,0.0,0.4963971674442291
noise,0.0,0.46153753995895386
noise,0.0,0.40639880299568176
noise,0.0,0.4613598883152008
noise,0.0,0.47116899490356445
noise,0.0,0.4824103116989136
noise,0.0,0.46825799345970154
noise,0.0,0.4652973711490631
noise,0.0,0.45270296931266785
noise,0.0,0.4618067145347595
noise,0.0,0.47374850511550903
noise,0.0,0.4837685227394104
noise,0.0,0.46507248282432556
noise,0.0,0.407499223947525
noise,0.0,0.48287227749824524
noise,0.0,0.517437756061554
noise,0.0,0.5120709538459778
noise,0.0,0.4895328879356384
noise,0.0,0.49968430399894714
noise,0.0,0.5338278412818909
noise,0.0,0.46021613478660583
noise,0.0,0.462552547454834
noise,0.0,0.4882158041000366
noise,0.0,0.4458633065223694
noise,0.0,0.49247872829437256
noise,0.0,0.490863561630249
noise,0.0,0.47748345136642456
noise,0.0,0.46244901418685913
noise,0.0,0.4947567284107208
noise,0.0,0.4823932349681854
noise,0.0,0.4515469968318939
noise,0.0,0.4690874218940735
noise,0.0,0.4858342111110687
noise,0.0,0.48805323243141174
noise,0.0,0.4899577498435974
noise,0.0,0.4871995747089386
noise,0.0,0.4609490931034088
noise,0.0,0.48414868116378784
noise,0.0,0.48844897747039795
noise,0.0,0.49907544255256653
noise,0.0,0.4944312870502472
noise,0.0,0.49349740147590637
noise,0.0,0.4942605495452881
noise,0.0,0.48178616166114807
noise,0.0,0.485056608915329
noise,0.0,0.45960068702697754
noise,0.0,0.4774553179740906
noise,0.0,0.4652819335460663
noise,0.0,0.44136127829551697
noise,0.0,0.5006381869316101
noise,0.0,0.4798992872238159
noise,0.0,0.5088068842887878
noise,0.0,0.5215433239936829
noise,0.0,0.45681366324424744
noise,0.0,0.4950788915157318
noise,0.0,0.4716024696826935
noise,0.0,0.4578879475593567
noise,0.0,0.4328298568725586
noise,0.0,0.4419110417366028
noise,0.0,0.4806418716907501
noise,0.0,0.5221457481384277
noise,0.0,0.4470367133617401
noise,0.0,0.4798538386821747
noise,0.0,0.46264445781707764
noise,0.0,0.44164544343948364
noise,0.0,0.4840627610683441
noise,0.0,0.4861661195755005
noise,0.0,0.44608116149902344
noise,0.0,0.46735525131225586
noise,0.0,0.43478041887283325
noise,0.0,0.4838254451751709
noise,0.0,0.46407225728034973
noise,0.0,0.47066745162010193
noise,0.0,0.4629152715206146
noise,0.0,0.4758353531360626
noise,0.0,0.4363343417644501
noise,0.0,0.4638638198375702
noise,0.0,0.48735806345939636
noise,0.0,0.4869256913661957
noise,0.0,0.47171106934547424
noise,0.0,0.44684502482414246
noise,0.0,0.5302876830101013
noise,0.0,0.4940728545188904
noise,0.0,0.4854910671710968
noise,0.0,0.5116736888885498
noise,0.0,0.48453304171562195
noise,0.0,0.47097641229629517
noise,0.0,0.4651072919368744
noise,0.0,0.4438011050224304
noise,0.0,0.47373342514038086
noise,0.0,0.4795011579990387
noise,0.0,0.4669032096862793
noise,0.0,0.5116979479789734
noise,0.0,0.5014916658401489
noise,0.0,0.4469689726829529
noise,0.0,0.4841037690639496
noise,0.0,0.4831225872039795
noise,0.0,0.5050570964813232
noise,0.0,0.481588214635849
noise,0.0,0.44481006264686584
noise,0.0,0.4501790702342987
noise,0.0,0.43445706367492676
noise,0.0,0.4554995894432068
noise,0.0,0.48990729451179504
noise,0.0,0.4805642366409302
noise,0.0,0.46468228101730347
noise,0.0,0.4968205988407135
noise,0.0,0.4663470685482025
noise,0.0,0.4860364496707916
noise,0.0,0.473993718624115
noise,0.0,0.502726674079895
noise,0.0,0.48994195461273193
noise,0.0,0.47224900126457214
noise,0.0,0.4826624095439911
noise,0.0,0.445957750082016
noise,0.0,0.4837210476398468
noise,0.0,0.525970995426178
noise,0.0,0.4763490557670593
noise,0.0,0.4767269790172577
noise,0.0,0.49869614839553833
noise,0.0,0.45754945278167725
noise,0.0,0.4756421148777008
noise,0.0,0.48296064138412476
noise,0.0,0.4895159602165222
noise,0.0,0.4392658770084381
noise,0.0,0.48169708251953125
noise,0.0,0.48722323775291443
noise,0.0,0.45958563685417175
noise,0.0,0.44434407353401184
noise,0.0,0.5117316842079163
noise,0.0,0.5059640407562256
noise,0.0,0.49098026752471924
noise,0.0,0.4760212302207947
noise,0.0,0.4903307557106018
noise,0.0,0.3906692564487457
noise,0.0,0.4451647400856018
noise,0.0,0.45119449496269226
noise,0.0,0.5039196610450745
noise,0.0,0.49369820952415466
noise,0.0,0.48795759677886963
noise,0.0,0.48440611362457275
noise,0.0,0.49296680092811584
noise,0.0,0.46625062823295593
noise,0.0,0.4661843180656433
noise,0.0,0.46532198786735535
noise,0.0,0.48562687635421753
noise,0.0,0.463417112827301
noise,0.0,0.4757029712200165
noise,0.0,0.48384520411491394
noise,0.0,0.46416792273521423
noise,0.0,0.49007293581962585
noise,0.0,0.43109816312789917
noise,0.0,0.49246296286582947
noise,0.0,0.44962796568870544
noise,0.0,0.47891175746917725
noise,0.0,0.4559675455093384
noise,0.0,0.4351312518119812
noise,0.0,0.4647901952266693
noise,0.0,0.4571043848991394
noise,0.0,0.49060243368148804
noise,0.0,0.483397513628006
noise,0.0,0.48825520277023315
noise,0.0,0.49010804295539856
noise,0.0,0.5392888188362122
noise,0.0,0.4751875698566437
noise,0.0,0.47899195551872253
noise,0.0,0.4814542233943939
noise,0.0,0.5137651562690735
noise,0.0,0.45579594373703003
noise,0.0,0.4675429165363312
noise,0.0,0.47382867336273193
noise,0.0,0.4540114998817444
noise,0.0,0.48916035890579224
noise,0.0,0.4384043514728546
noise,0.0,0.4604518711566925
noise,0.0,0.4917773902416229
noise,0.0,0.4673266112804413
noise,0.0,0.4700964689254761
noise,0.0,0.4962938725948334
noise,0.0,0.4588718116283417
noise,0.0,0.5303082466125488
noise,0.0,0.4962559938430786
noise,0.0,0.4571722447872162
noise,0.0,0.5119072794914246
noise,0.0,0.453006774187088
noise,0.0,0.45427611470222473
noise,0.0,0.49682971835136414
noise,0.0,0.5153696537017822
noise,0.0,0.47414126992225647
noise,0.0,0.48919498920440674
noise,0.0,0.49584120512008667
noise,0.0,0.4535161256790161
noise,0.0,0.43585842847824097
noise,0.0,0.49269288778305054
noise,0.0,0.42783322930336
noise,0.0,0.5016677975654602
noise,0.0,0.47131797671318054
noise,0.0,0.5161631107330322
noise,0.0,0.46572762727737427
noise,0.0,0.4615408182144165
noise,0.0,0.5122570991516113
noise,0.0,0.4391442835330963
noise,0.0,0.5003410577774048
noise,0.0,0.49579185247421265
noise,0.0,0.4612926244735718
noise,0.0,0.47193819284439087
noise,0.0,0.48713889718055725
noise,0.0,0.49044594168663025
noise,0.0,0.4929961860179901
noise,0.0,0.47240009903907776
noise,0.0,0.4862329661846161
noise,0.0,0.47857531905174255
noise,0.0,0.47948920726776123
noise,0.0,0.46906906366348267
noise,0.0,0.48170071840286255
noise,0.0,0.5176653265953064
noise,0.0,0.4584157168865204
noise,0.0,0.4555211663246155
noise,0.0,0.4964078664779663
noise,0.0,0.4868047535419464
noise,0.0,0.4661572575569153
noise,0.0,0.5083990097045898
noise,0.0,0.4837110638618469
noise,0.0,0.49968430399894714
noise,0.0,0.524041473865509
noise,0.0,0.46888256072998047
noise,0.0,0.46576011180877686
noise,0.0,0.5144271850585938
noise,0.0,0.46525004506111145
noise,0.0,0.4497280418872833
noise,0.0,0.47054052352905273
noise,0.0,0.4196971654891968
noise,0.0,0.4619567394256592
noise,0.0,0.4679500460624695
noise,0.0,0.4768826365470886
noise,0.0,0.48187360167503357
noise,0.0,0.4470407962799072
noise,0.0,0.4331401586532593
noise,0.0,0.4138863980770111
noise,0.0,0.48864707350730896
noise,0.0,0.47116005420684814
noise,0.0,0.4776409864425659
noise,0.0,0.44047996401786804
noise,0.0,0.45538708567619324
noise,0.0,0.48790186643600464
noise,0.0,0.46750277280807495
noise,0.0,0.5331361889839172
noise,0.0,0.4294399619102478
noise,0.0,0.4899479150772095
noise,0.0,0.45211920142173767
noise,0.0,0.45870187878608704
noise,0.0,0.4747926592826843
noise,0.0,0.48911112546920776
noise,0.0,0.4693833887577057
noise,0.0,0.4696720540523529
noise,0.0,0.5135844349861145
noise,0.0,0.4886874854564667
noise,0.0,0.5184008479118347
noise,0.0,0.4750902056694031
noise,0.0,0.5075955986976624
noise,0.0,0.48030921816825867
noise,0.0,0.4750847816467285
noise,0.0,0.4499785006046295
noise,0.0,0.4741426706314087
noise,0.0,0.4953150451183319
noise,0.0,0.473299115896225
noise,0.0,0.48049187660217285
noise,0.0,0.48454052209854126
noise,0.0,0.4359460473060608
noise,0.0,0.4972704350948334
noise,0.0,0.5046464204788208
noise,0.0,0.44236424565315247
noise,0.0,0.45922842621803284
noise,0.0,0.4506891667842865
noise,0.0,0.4808383584022522
noise,0.0,0.501995325088501
noise,0.0,0.5124651789665222
noise,0.0,0.5075884461402893
noise,0.0,0.5218563079833984
noise,0.0,0.4728119969367981
noise,0.0,0.457314670085907
noise,0.0,0.49603354930877686
noise,0.0,0.49679580330848694
noise,0.0,0.4890146553516388
noise,0.0,0.5320716500282288
noise,0.0,0.46026208996772766
noise,0.0,0.4745583236217499
