filename,y_true,probs
/Users/somesh/Desktop/onehearthealth/ast-heart-quality/data_processed/PhysioNet2022/training_data/31737_AV.wav,1,0.5158197158632822
/Users/somesh/Desktop/onehearthealth/ast-heart-quality/data_processed/PhysioNet2022/training_data/31737_MV.wav,1,0.5078363118840251
/Users/somesh/Desktop/onehearthealth/ast-heart-quality/data_processed/PhysioNet2022/training_data/31737_PV.wav,1,0.5
/Users/somesh/Desktop/onehearthealth/ast-heart-quality/data_processed/PhysioNet2022/training_data/31737_TV.wav,1,0.5175977214536285
/Users/somesh/Desktop/onehearthealth/ast-heart-quality/data_processed/PhysioNet2022/training_data/40798_AV.wav,1,0.5
/Users/somesh/Desktop/onehearthealth/ast-heart-quality/data_processed/PhysioNet2022/training_data/40798_MV.wav,1,0.5099897474380524
/Users/somesh/Desktop/onehearthealth/ast-heart-quality/data_processed/PhysioNet2022/training_data/40798_PV.wav,1,0.508040251896888
/Users/somesh/Desktop/onehearthealth/ast-heart-quality/data_processed/PhysioNet2022/training_data/40798_TV.wav,1,0.49109399685775956
/Users/somesh/Desktop/onehearthealth/ast-heart-quality/data_processed/PhysioNet2022/training_data/49558_AV.wav,1,0.5069989979601176
/Users/somesh/Desktop/onehearthealth/ast-heart-quality/data_processed/PhysioNet2022/training_data/49558_MV.wav,1,0.5
/Users/somesh/Desktop/onehearthealth/ast-heart-quality/data_processed/PhysioNet2022/training_data/49607_MV.wav,1,0.5206611855448656
/Users/somesh/Desktop/onehearthealth/ast-heart-quality/data_processed/PhysioNet2022/training_data/49610_AV.wav,1,0.5203496857719463
/Users/somesh/Desktop/onehearthealth/ast-heart-quality/data_processed/PhysioNet2022/training_data/49610_MV.wav,1,0.509364833135845
/Users/somesh/Desktop/onehearthealth/ast-heart-quality/data_processed/PhysioNet2022/training_data/49610_PV.wav,1,0.5
/Users/somesh/Desktop/onehearthealth/ast-heart-quality/data_processed/PhysioNet2022/training_data/49610_TV.wav,1,0.5
/Users/somesh/Desktop/onehearthealth/ast-heart-quality/data_processed/PhysioNet2022/training_data/49641_AV.wav,1,0.5
/Users/somesh/Desktop/onehearthealth/ast-heart-quality/data_processed/PhysioNet2022/training_data/49641_MV.wav,1,0.5067655921484665
/Users/somesh/Desktop/onehearthealth/ast-heart-quality/data_processed/PhysioNet2022/training_data/49641_PV.wav,1,0.5163427623310881
/Users/somesh/Desktop/onehearthealth/ast-heart-quality/data_processed/PhysioNet2022/training_data/49641_TV.wav,1,0.5165925686227231
/Users/somesh/Desktop/onehearthealth/ast-heart-quality/data_processed/PhysioNet2022/training_data/49661_AV.wav,1,0.5
/Users/somesh/Desktop/onehearthealth/ast-heart-quality/data_processed/PhysioNet2022/training_data/49661_MV.wav,1,0.5152716452877563
/Users/somesh/Desktop/onehearthealth/ast-heart-quality/data_processed/PhysioNet2022/training_data/49691_AV.wav,1,0.5198133707339017
/Users/somesh/Desktop/onehearthealth/ast-heart-quality/data_processed/PhysioNet2022/training_data/49691_MV.wav,1,0.5
/Users/somesh/Desktop/onehearthealth/ast-heart-quality/data_processed/PhysioNet2022/training_data/49691_PV.wav,1,0.4928288423924187
/Users/somesh/Desktop/onehearthealth/ast-heart-quality/data_processed/PhysioNet2022/training_data/49691_TV.wav,1,0.5
/Users/somesh/Desktop/onehearthealth/ast-heart-quality/data_processed/PhysioNet2022/training_data/49993_AV.wav,1,0.5
/Users/somesh/Desktop/onehearthealth/ast-heart-quality/data_processed/PhysioNet2022/training_data/49993_MV.wav,1,0.4944237679298095
/Users/somesh/Desktop/onehearthealth/ast-heart-quality/data_processed/PhysioNet2022/training_data/49993_PV.wav,1,0.5
/Users/somesh/Desktop/onehearthealth/ast-heart-quality/data_processed/PhysioNet2022/training_data/49993_TV.wav,1,0.4929781759214902
/Users/somesh/Desktop/onehearthealth/ast-heart-quality/data_processed/PhysioNet2022/training_data/50006_AV.wav,1,0.5
/Users/somesh/Desktop/onehearthealth/ast-heart-quality/data_processed/PhysioNet2022/training_data/50006_MV.wav,1,0.5051748348124999
/Users/somesh/Desktop/onehearthealth/ast-heart-quality/data_processed/PhysioNet2022/training_data/50007_AV.wav,1,0.5127671069368416
/Users/somesh/Desktop/onehearthealth/ast-heart-quality/data_processed/PhysioNet2022/training_data/50007_MV.wav,1,0.5119149567571706
/Users/somesh/Desktop/onehearthealth/ast-heart-quality/data_processed/PhysioNet2022/training_data/50007_PV.wav,1,0.5102714879536883
/Users/somesh/Desktop/onehearthealth/ast-heart-quality/data_processed/PhysioNet2022/training_data/50007_TV.wav,1,0.5221930676281575
/Users/somesh/Desktop/onehearthealth/ast-heart-quality/data_processed/PhysioNet2022/training_data/50012_MV.wav,1,0.5103882996645946
/Users/somesh/Desktop/onehearthealth/ast-heart-quality/data_processed/PhysioNet2022/training_data/50018_AV.wav,1,0.508654103746827
/Users/somesh/Desktop/onehearthealth/ast-heart-quality/data_processed/PhysioNet2022/training_data/50018_MV.wav,1,0.5
/Users/somesh/Desktop/onehearthealth/ast-heart-quality/data_processed/PhysioNet2022/training_data/50027_AV.wav,1,0.5100685130348712
/Users/somesh/Desktop/onehearthealth/ast-heart-quality/data_processed/PhysioNet2022/training_data/50027_MV.wav,1,0.5136809521880278
/Users/somesh/Desktop/onehearthealth/ast-heart-quality/data_processed/PhysioNet2022/training_data/50029_AV.wav,1,0.5
/Users/somesh/Desktop/onehearthealth/ast-heart-quality/data_processed/PhysioNet2022/training_data/50029_MV.wav,1,0.5087214446446703
/Users/somesh/Desktop/onehearthealth/ast-heart-quality/data_processed/PhysioNet2022/training_data/50029_PV.wav,1,0.509002815192643
/Users/somesh/Desktop/onehearthealth/ast-heart-quality/data_processed/PhysioNet2022/training_data/50029_TV.wav,1,0.49477435165174793
/Users/somesh/Desktop/onehearthealth/ast-heart-quality/data_processed/PhysioNet2022/training_data/50047_MV.wav,1,0.4856212148124407
/Users/somesh/Desktop/onehearthealth/ast-heart-quality/data_processed/PhysioNet2022/training_data/50047_PV.wav,1,0.48954512793524035
/Users/somesh/Desktop/onehearthealth/ast-heart-quality/data_processed/PhysioNet2022/training_data/50047_TV.wav,1,0.49125387007819116
/Users/somesh/Desktop/onehearthealth/ast-heart-quality/data_processed/PhysioNet2022/training_data/50076_AV.wav,1,0.4934663178633893
/Users/somesh/Desktop/onehearthealth/ast-heart-quality/data_processed/PhysioNet2022/training_data/50076_MV.wav,1,0.5095565826479237
/Users/somesh/Desktop/onehearthealth/ast-heart-quality/data_processed/PhysioNet2022/training_data/50076_PV.wav,1,0.5064945788308226
/Users/somesh/Desktop/onehearthealth/ast-heart-quality/data_processed/PhysioNet2022/training_data/50076_TV.wav,1,0.5
/Users/somesh/Desktop/onehearthealth/ast-heart-quality/data_processed/PhysioNet2022/training_data/50079_AV.wav,1,0.5126951482745823
/Users/somesh/Desktop/onehearthealth/ast-heart-quality/data_processed/PhysioNet2022/training_data/50079_PV.wav,1,0.48458598117633656
/Users/somesh/Desktop/onehearthealth/ast-heart-quality/data_processed/PhysioNet2022/training_data/50079_TV.wav,1,0.481304859505097
/Users/somesh/Desktop/onehearthealth/ast-heart-quality/data_processed/PhysioNet2022/training_data/50080_AV.wav,1,0.5063395166190773
/Users/somesh/Desktop/onehearthealth/ast-heart-quality/data_processed/PhysioNet2022/training_data/50080_MV.wav,1,0.5213274044419142
/Users/somesh/Desktop/onehearthealth/ast-heart-quality/data_processed/PhysioNet2022/training_data/50080_PV.wav,1,0.49471585910090554
/Users/somesh/Desktop/onehearthealth/ast-heart-quality/data_processed/PhysioNet2022/training_data/50080_TV.wav,1,0.49220781441684824
/Users/somesh/Desktop/onehearthealth/ast-heart-quality/data_processed/PhysioNet2022/training_data/50089_AV.wav,1,0.5
/Users/somesh/Desktop/onehearthealth/ast-heart-quality/data_processed/PhysioNet2022/training_data/50089_PV.wav,1,0.5094763363521652
/Users/somesh/Desktop/onehearthealth/ast-heart-quality/data_processed/PhysioNet2022/training_data/50089_TV.wav,1,0.507625027041918
/Users/somesh/Desktop/onehearthealth/ast-heart-quality/data_processed/PhysioNet2022/training_data/50092_AV.wav,1,0.5059426186789634
/Users/somesh/Desktop/onehearthealth/ast-heart-quality/data_processed/PhysioNet2022/training_data/50092_MV.wav,1,0.5243487432433872
/Users/somesh/Desktop/onehearthealth/ast-heart-quality/data_processed/PhysioNet2022/training_data/50092_PV.wav,1,0.5
/Users/somesh/Desktop/onehearthealth/ast-heart-quality/data_processed/PhysioNet2022/training_data/50092_TV.wav,1,0.4900317679805893
/Users/somesh/Desktop/onehearthealth/ast-heart-quality/data_processed/PhysioNet2022/training_data/50094_MV.wav,1,0.5
/Users/somesh/Desktop/onehearthealth/ast-heart-quality/data_processed/PhysioNet2022/training_data/50094_PV.wav,1,0.5099384485601007
/Users/somesh/Desktop/onehearthealth/ast-heart-quality/data_processed/PhysioNet2022/training_data/50094_TV.wav,1,0.5253087556731961
/Users/somesh/Desktop/onehearthealth/ast-heart-quality/data_processed/PhysioNet2022/training_data/50104_AV.wav,1,0.4864002479308388
/Users/somesh/Desktop/onehearthealth/ast-heart-quality/data_processed/PhysioNet2022/training_data/50104_MV.wav,1,0.5179809950773075
/Users/somesh/Desktop/onehearthealth/ast-heart-quality/data_processed/PhysioNet2022/training_data/50104_PV.wav,1,0.5
/Users/somesh/Desktop/onehearthealth/ast-heart-quality/data_processed/PhysioNet2022/training_data/50104_TV.wav,1,0.5
/Users/somesh/Desktop/onehearthealth/ast-heart-quality/data_processed/PhysioNet2022/training_data/50115_AV.wav,1,0.49102667227876645
/Users/somesh/Desktop/onehearthealth/ast-heart-quality/data_processed/PhysioNet2022/training_data/50115_MV.wav,1,0.5220897857796987
/Users/somesh/Desktop/onehearthealth/ast-heart-quality/data_processed/PhysioNet2022/training_data/50115_PV_1.wav,1,0.4829870453135357
/Users/somesh/Desktop/onehearthealth/ast-heart-quality/data_processed/PhysioNet2022/training_data/50115_PV_2.wav,1,0.4848229886924572
/Users/somesh/Desktop/onehearthealth/ast-heart-quality/data_processed/PhysioNet2022/training_data/50115_TV_1.wav,1,0.5
/Users/somesh/Desktop/onehearthealth/ast-heart-quality/data_processed/PhysioNet2022/training_data/50115_TV_2.wav,1,0.5089154446930624
/Users/somesh/Desktop/onehearthealth/ast-heart-quality/data_processed/PhysioNet2022/training_data/50126_AV.wav,1,0.49207597233058037
/Users/somesh/Desktop/onehearthealth/ast-heart-quality/data_processed/PhysioNet2022/training_data/50126_MV.wav,1,0.511933230647846
/Users/somesh/Desktop/onehearthealth/ast-heart-quality/data_processed/PhysioNet2022/training_data/50126_PV.wav,1,0.4947155493076988
/Users/somesh/Desktop/onehearthealth/ast-heart-quality/data_processed/PhysioNet2022/training_data/50126_TV.wav,1,0.4839314082929499
/Users/somesh/Desktop/onehearthealth/ast-heart-quality/data_processed/PhysioNet2022/training_data/50142_AV.wav,1,0.5106143183150672
/Users/somesh/Desktop/onehearthealth/ast-heart-quality/data_processed/PhysioNet2022/training_data/50142_MV.wav,1,0.48824558456703243
/Users/somesh/Desktop/onehearthealth/ast-heart-quality/data_processed/PhysioNet2022/training_data/50146_MV.wav,1,0.5274386821874273
/Users/somesh/Desktop/onehearthealth/ast-heart-quality/data_processed/PhysioNet2022/training_data/50151_PV.wav,1,0.5
/Users/somesh/Desktop/onehearthealth/ast-heart-quality/data_processed/PhysioNet2022/training_data/50159_MV.wav,1,0.5
/Users/somesh/Desktop/onehearthealth/ast-heart-quality/data_processed/PhysioNet2022/training_data/50159_PV.wav,1,0.5127893368347347
/Users/somesh/Desktop/onehearthealth/ast-heart-quality/data_processed/PhysioNet2022/training_data/50159_TV.wav,1,0.5
/Users/somesh/Desktop/onehearthealth/ast-heart-quality/data_processed/PhysioNet2022/training_data/50165_AV.wav,1,0.524787139427038
/Users/somesh/Desktop/onehearthealth/ast-heart-quality/data_processed/PhysioNet2022/training_data/50165_MV.wav,1,0.49465566972526603
/Users/somesh/Desktop/onehearthealth/ast-heart-quality/data_processed/PhysioNet2022/training_data/50165_PV.wav,1,0.5117832210157657
/Users/somesh/Desktop/onehearthealth/ast-heart-quality/data_processed/PhysioNet2022/training_data/50174_AV.wav,1,0.5065271832871533
/Users/somesh/Desktop/onehearthealth/ast-heart-quality/data_processed/PhysioNet2022/training_data/50174_MV.wav,1,0.5172463093565419
/Users/somesh/Desktop/onehearthealth/ast-heart-quality/data_processed/PhysioNet2022/training_data/50174_PV.wav,1,0.5
/Users/somesh/Desktop/onehearthealth/ast-heart-quality/data_processed/PhysioNet2022/training_data/50174_TV.wav,1,0.5
/Users/somesh/Desktop/onehearthealth/ast-heart-quality/data_processed/PhysioNet2022/training_data/50210_AV.wav,1,0.5081969295716188
/Users/somesh/Desktop/onehearthealth/ast-heart-quality/data_processed/PhysioNet2022/training_data/50210_MV_1.wav,1,0.5123209803881691
/Users/somesh/Desktop/onehearthealth/ast-heart-quality/data_processed/PhysioNet2022/training_data/50210_MV_2.wav,1,0.5
/Users/somesh/Desktop/onehearthealth/ast-heart-quality/data_processed/PhysioNet2022/training_data/50210_PV.wav,1,0.5
/Users/somesh/Desktop/onehearthealth/ast-heart-quality/data_processed/PhysioNet2022/training_data/50210_TV.wav,1,0.5120802931029421
/Users/somesh/Desktop/onehearthealth/ast-heart-quality/data_processed/PhysioNet2022/training_data/50218_AV.wav,1,0.4766823142935949
/Users/somesh/Desktop/onehearthealth/ast-heart-quality/data_processed/PhysioNet2022/training_data/50218_MV.wav,1,0.5165218534036614
/Users/somesh/Desktop/onehearthealth/ast-heart-quality/data_processed/PhysioNet2022/training_data/50218_PV.wav,1,0.5
/Users/somesh/Desktop/onehearthealth/ast-heart-quality/data_processed/PhysioNet2022/training_data/50218_TV.wav,1,0.5168113802822522
/Users/somesh/Desktop/onehearthealth/ast-heart-quality/data_processed/PhysioNet2022/training_data/50239_AV.wav,1,0.494553167915066
/Users/somesh/Desktop/onehearthealth/ast-heart-quality/data_processed/PhysioNet2022/training_data/50239_MV.wav,1,0.5
/Users/somesh/Desktop/onehearthealth/ast-heart-quality/data_processed/PhysioNet2022/training_data/50239_PV.wav,1,0.5060302902098064
/Users/somesh/Desktop/onehearthealth/ast-heart-quality/data_processed/PhysioNet2022/training_data/50239_TV.wav,1,0.5189899863898109
/Users/somesh/Desktop/onehearthealth/ast-heart-quality/data_processed/PhysioNet2022/training_data/50249_AV_1.wav,1,0.5133823246766669
/Users/somesh/Desktop/onehearthealth/ast-heart-quality/data_processed/PhysioNet2022/training_data/50249_AV_2.wav,1,0.4905981236254287
/Users/somesh/Desktop/onehearthealth/ast-heart-quality/data_processed/PhysioNet2022/training_data/50249_MV.wav,1,0.5132948451748534
/Users/somesh/Desktop/onehearthealth/ast-heart-quality/data_processed/PhysioNet2022/training_data/50250_AV.wav,1,0.5178820100668327
/Users/somesh/Desktop/onehearthealth/ast-heart-quality/data_processed/PhysioNet2022/training_data/50250_MV.wav,1,0.48334801407470634
/Users/somesh/Desktop/onehearthealth/ast-heart-quality/data_processed/PhysioNet2022/training_data/50250_PV.wav,1,0.5135023421792455
/Users/somesh/Desktop/onehearthealth/ast-heart-quality/data_processed/PhysioNet2022/training_data/50250_TV_1.wav,1,0.512978303940565
/Users/somesh/Desktop/onehearthealth/ast-heart-quality/data_processed/PhysioNet2022/training_data/50250_TV_2.wav,1,0.5166221746329105
/Users/somesh/Desktop/onehearthealth/ast-heart-quality/data_processed/PhysioNet2022/training_data/50251_AV.wav,1,0.48403593346632295
/Users/somesh/Desktop/onehearthealth/ast-heart-quality/data_processed/PhysioNet2022/training_data/50251_MV.wav,1,0.5224559746613148
/Users/somesh/Desktop/onehearthealth/ast-heart-quality/data_processed/PhysioNet2022/training_data/50256_AV.wav,1,0.5
/Users/somesh/Desktop/onehearthealth/ast-heart-quality/data_processed/PhysioNet2022/training_data/50256_MV.wav,1,0.4865236126523246
/Users/somesh/Desktop/onehearthealth/ast-heart-quality/data_processed/PhysioNet2022/training_data/50256_PV.wav,1,0.48745675444584
/Users/somesh/Desktop/onehearthealth/ast-heart-quality/data_processed/PhysioNet2022/training_data/50256_TV.wav,1,0.5
/Users/somesh/Desktop/onehearthealth/ast-heart-quality/data_processed/PhysioNet2022/training_data/50261_AV.wav,1,0.5110132905334636
/Users/somesh/Desktop/onehearthealth/ast-heart-quality/data_processed/PhysioNet2022/training_data/50261_MV.wav,1,0.5096037253111709
/Users/somesh/Desktop/onehearthealth/ast-heart-quality/data_processed/PhysioNet2022/training_data/50261_PV.wav,1,0.47173314675333466
/Users/somesh/Desktop/onehearthealth/ast-heart-quality/data_processed/PhysioNet2022/training_data/50261_TV.wav,1,0.5188068465166679
/Users/somesh/Desktop/onehearthealth/ast-heart-quality/data_processed/PhysioNet2022/training_data/50263_AV.wav,1,0.5191352308709783
/Users/somesh/Desktop/onehearthealth/ast-heart-quality/data_processed/PhysioNet2022/training_data/50263_MV.wav,1,0.5070246221806091
/Users/somesh/Desktop/onehearthealth/ast-heart-quality/data_processed/PhysioNet2022/training_data/50263_PV.wav,1,0.49337779610435484
/Users/somesh/Desktop/onehearthealth/ast-heart-quality/data_processed/PhysioNet2022/training_data/50263_TV_1.wav,1,0.5122381279572966
/Users/somesh/Desktop/onehearthealth/ast-heart-quality/data_processed/PhysioNet2022/training_data/50263_TV_2.wav,1,0.5155421237172485
/Users/somesh/Desktop/onehearthealth/ast-heart-quality/data_processed/PhysioNet2022/training_data/50289_AV.wav,1,0.5
/Users/somesh/Desktop/onehearthealth/ast-heart-quality/data_processed/PhysioNet2022/training_data/50289_MV.wav,1,0.5201896327116525
/Users/somesh/Desktop/onehearthealth/ast-heart-quality/data_processed/PhysioNet2022/training_data/50289_PV.wav,1,0.507082433136634
/Users/somesh/Desktop/onehearthealth/ast-heart-quality/data_processed/PhysioNet2022/training_data/50289_TV.wav,1,0.5185452449461441
/Users/somesh/Desktop/onehearthealth/ast-heart-quality/data_processed/PhysioNet2022/training_data/50300_AV.wav,1,0.5213440415304392
/Users/somesh/Desktop/onehearthealth/ast-heart-quality/data_processed/PhysioNet2022/training_data/50300_MV.wav,1,0.48586140721062177
/Users/somesh/Desktop/onehearthealth/ast-heart-quality/data_processed/PhysioNet2022/training_data/50304_PV.wav,1,0.5
/Users/somesh/Desktop/onehearthealth/ast-heart-quality/data_processed/PhysioNet2022/training_data/50312_AV.wav,1,0.4922573061745494
/Users/somesh/Desktop/onehearthealth/ast-heart-quality/data_processed/PhysioNet2022/training_data/50312_MV.wav,1,0.5133500416907013
/Users/somesh/Desktop/onehearthealth/ast-heart-quality/data_processed/PhysioNet2022/training_data/50312_PV.wav,1,0.5092056581658152
/Users/somesh/Desktop/onehearthealth/ast-heart-quality/data_processed/PhysioNet2022/training_data/50312_TV.wav,1,0.5087710357751661
/Users/somesh/Desktop/onehearthealth/ast-heart-quality/data_processed/PhysioNet2022/training_data/50318_AV.wav,1,0.5062935416877592
/Users/somesh/Desktop/onehearthealth/ast-heart-quality/data_processed/PhysioNet2022/training_data/50318_MV.wav,1,0.4869270151744152
/Users/somesh/Desktop/onehearthealth/ast-heart-quality/data_processed/PhysioNet2022/training_data/50318_PV.wav,1,0.5112640413577634
/Users/somesh/Desktop/onehearthealth/ast-heart-quality/data_processed/PhysioNet2022/training_data/50318_TV.wav,1,0.5081975125473169
/Users/somesh/Desktop/onehearthealth/ast-heart-quality/data_processed/PhysioNet2022/training_data/50326_AV.wav,1,0.5085540882819679
/Users/somesh/Desktop/onehearthealth/ast-heart-quality/data_processed/PhysioNet2022/training_data/50326_MV.wav,1,0.5068191594960934
/Users/somesh/Desktop/onehearthealth/ast-heart-quality/data_processed/PhysioNet2022/training_data/50326_PV.wav,1,0.5114117372631568
/Users/somesh/Desktop/onehearthealth/ast-heart-quality/data_processed/PhysioNet2022/training_data/50326_TV.wav,1,0.5176011950465609
/Users/somesh/Desktop/onehearthealth/ast-heart-quality/data_processed/PhysioNet2022/training_data/50343_AV.wav,1,0.5058089267239608
/Users/somesh/Desktop/onehearthealth/ast-heart-quality/data_processed/PhysioNet2022/training_data/50343_MV.wav,1,0.5071995936626936
/Users/somesh/Desktop/onehearthealth/ast-heart-quality/data_processed/PhysioNet2022/training_data/50343_PV.wav,1,0.5
/Users/somesh/Desktop/onehearthealth/ast-heart-quality/data_processed/PhysioNet2022/training_data/50343_TV.wav,1,0.5093681769257267
/Users/somesh/Desktop/onehearthealth/ast-heart-quality/data_processed/PhysioNet2022/training_data/50349_AV.wav,1,0.4802889597733565
/Users/somesh/Desktop/onehearthealth/ast-heart-quality/data_processed/PhysioNet2022/training_data/50349_MV.wav,1,0.49162349064251104
/Users/somesh/Desktop/onehearthealth/ast-heart-quality/data_processed/PhysioNet2022/training_data/50349_PV.wav,1,0.4923878511201149
/Users/somesh/Desktop/onehearthealth/ast-heart-quality/data_processed/PhysioNet2022/training_data/50349_TV.wav,1,0.5
/Users/somesh/Desktop/onehearthealth/ast-heart-quality/data_processed/PhysioNet2022/training_data/50350_AV.wav,1,0.5
/Users/somesh/Desktop/onehearthealth/ast-heart-quality/data_processed/PhysioNet2022/training_data/50350_MV.wav,1,0.4925664675373023
/Users/somesh/Desktop/onehearthealth/ast-heart-quality/data_processed/PhysioNet2022/training_data/50350_PV.wav,1,0.50891828671483
/Users/somesh/Desktop/onehearthealth/ast-heart-quality/data_processed/PhysioNet2022/training_data/50350_TV.wav,1,0.5
/Users/somesh/Desktop/onehearthealth/ast-heart-quality/data_processed/PhysioNet2022/training_data/50391_MV.wav,1,0.5112303955557875
/Users/somesh/Desktop/onehearthealth/ast-heart-quality/data_processed/PhysioNet2022/training_data/50391_PV.wav,1,0.49388188603170075
/Users/somesh/Desktop/onehearthealth/ast-heart-quality/data_processed/PhysioNet2022/training_data/50391_TV.wav,1,0.5
/Users/somesh/Desktop/onehearthealth/ast-heart-quality/data_processed/PhysioNet2022/training_data/50621_PV.wav,1,0.5
/Users/somesh/Desktop/onehearthealth/ast-heart-quality/data_processed/PhysioNet2022/training_data/50628_AV.wav,1,0.5123543649427185
/Users/somesh/Desktop/onehearthealth/ast-heart-quality/data_processed/PhysioNet2022/training_data/50628_MV.wav,1,0.4896821541858472
/Users/somesh/Desktop/onehearthealth/ast-heart-quality/data_processed/PhysioNet2022/training_data/50631_AV.wav,1,0.510648785659584
/Users/somesh/Desktop/onehearthealth/ast-heart-quality/data_processed/PhysioNet2022/training_data/50631_MV.wav,1,0.48938531395526313
/Users/somesh/Desktop/onehearthealth/ast-heart-quality/data_processed/PhysioNet2022/training_data/50655_AV.wav,1,0.49332729124725305
/Users/somesh/Desktop/onehearthealth/ast-heart-quality/data_processed/PhysioNet2022/training_data/50655_MV.wav,1,0.50818385364002
/Users/somesh/Desktop/onehearthealth/ast-heart-quality/data_processed/PhysioNet2022/training_data/50661_AV.wav,1,0.5
/Users/somesh/Desktop/onehearthealth/ast-heart-quality/data_processed/PhysioNet2022/training_data/50661_MV.wav,1,0.5176353280713542
/Users/somesh/Desktop/onehearthealth/ast-heart-quality/data_processed/PhysioNet2022/training_data/50667_AV.wav,1,0.5096426527895013
/Users/somesh/Desktop/onehearthealth/ast-heart-quality/data_processed/PhysioNet2022/training_data/50667_MV.wav,1,0.5136431470348571
/Users/somesh/Desktop/onehearthealth/ast-heart-quality/data_processed/PhysioNet2022/training_data/50667_PV.wav,1,0.4924589631513335
/Users/somesh/Desktop/onehearthealth/ast-heart-quality/data_processed/PhysioNet2022/training_data/50667_TV.wav,1,0.5056599829194138
/Users/somesh/Desktop/onehearthealth/ast-heart-quality/data_processed/PhysioNet2022/training_data/50720_AV.wav,1,0.4916765161790738
/Users/somesh/Desktop/onehearthealth/ast-heart-quality/data_processed/PhysioNet2022/training_data/50720_MV.wav,1,0.5109706711453941
/Users/somesh/Desktop/onehearthealth/ast-heart-quality/data_processed/PhysioNet2022/training_data/50721_AV.wav,1,0.47989710845865446
/Users/somesh/Desktop/onehearthealth/ast-heart-quality/data_processed/PhysioNet2022/training_data/50721_MV.wav,1,0.5063413230736488
/Users/somesh/Desktop/onehearthealth/ast-heart-quality/data_processed/PhysioNet2022/training_data/50721_PV.wav,1,0.4903054821658574
/Users/somesh/Desktop/onehearthealth/ast-heart-quality/data_processed/PhysioNet2022/training_data/50721_TV.wav,1,0.5084108970693084
/Users/somesh/Desktop/onehearthealth/ast-heart-quality/data_processed/PhysioNet2022/training_data/50736_AV.wav,1,0.4937437953105487
/Users/somesh/Desktop/onehearthealth/ast-heart-quality/data_processed/PhysioNet2022/training_data/50736_PV.wav,1,0.512989322583269
/Users/somesh/Desktop/onehearthealth/ast-heart-quality/data_processed/PhysioNet2022/training_data/50736_TV.wav,1,0.5141516465388757
/Users/somesh/Desktop/onehearthealth/ast-heart-quality/data_processed/PhysioNet2022/training_data/50743_AV_1.wav,1,0.5070339625488576
/Users/somesh/Desktop/onehearthealth/ast-heart-quality/data_processed/PhysioNet2022/training_data/50743_AV_2.wav,1,0.5279701446136997
/Users/somesh/Desktop/onehearthealth/ast-heart-quality/data_processed/PhysioNet2022/training_data/50743_AV_3.wav,1,0.5244663941190976
/Users/somesh/Desktop/onehearthealth/ast-heart-quality/data_processed/PhysioNet2022/training_data/50743_MV.wav,1,0.5
/Users/somesh/Desktop/onehearthealth/ast-heart-quality/data_processed/PhysioNet2022/training_data/50754_AV.wav,1,0.5
/Users/somesh/Desktop/onehearthealth/ast-heart-quality/data_processed/PhysioNet2022/training_data/50754_MV.wav,1,0.5113577512919757
/Users/somesh/Desktop/onehearthealth/ast-heart-quality/data_processed/PhysioNet2022/training_data/50754_PV.wav,1,0.5142589287890517
/Users/somesh/Desktop/onehearthealth/ast-heart-quality/data_processed/PhysioNet2022/training_data/50754_TV.wav,1,0.5176604579330195
/Users/somesh/Desktop/onehearthealth/ast-heart-quality/data_processed/PhysioNet2022/training_data/50756_AV.wav,1,0.5171042346544628
/Users/somesh/Desktop/onehearthealth/ast-heart-quality/data_processed/PhysioNet2022/training_data/50756_MV.wav,1,0.5195248320102376
/Users/somesh/Desktop/onehearthealth/ast-heart-quality/data_processed/PhysioNet2022/training_data/50756_PV.wav,1,0.48366053635860373
/Users/somesh/Desktop/onehearthealth/ast-heart-quality/data_processed/PhysioNet2022/training_data/50756_TV.wav,1,0.48460751910218813
/Users/somesh/Desktop/onehearthealth/ast-heart-quality/data_processed/PhysioNet2022/training_data/50758_AV.wav,1,0.4885687258903864
/Users/somesh/Desktop/onehearthealth/ast-heart-quality/data_processed/PhysioNet2022/training_data/50758_MV.wav,1,0.5062177323770854
/Users/somesh/Desktop/onehearthealth/ast-heart-quality/data_processed/PhysioNet2022/training_data/50758_PV.wav,1,0.5137592145088473
/Users/somesh/Desktop/onehearthealth/ast-heart-quality/data_processed/PhysioNet2022/training_data/50758_TV.wav,1,0.506920324036442
/Users/somesh/Desktop/onehearthealth/ast-heart-quality/data_processed/PhysioNet2022/training_data/50773_AV.wav,1,0.5
/Users/somesh/Desktop/onehearthealth/ast-heart-quality/data_processed/PhysioNet2022/training_data/50773_MV.wav,1,0.5
/Users/somesh/Desktop/onehearthealth/ast-heart-quality/data_processed/PhysioNet2022/training_data/50773_PV.wav,1,0.521887795921396
/Users/somesh/Desktop/onehearthealth/ast-heart-quality/data_processed/PhysioNet2022/training_data/50773_TV.wav,1,0.526066497227981
/Users/somesh/Desktop/onehearthealth/ast-heart-quality/data_processed/PhysioNet2022/training_data/50776_PV.wav,1,0.47800771094174865
/Users/somesh/Desktop/onehearthealth/ast-heart-quality/data_processed/PhysioNet2022/training_data/50802_AV.wav,1,0.5192248369383051
/Users/somesh/Desktop/onehearthealth/ast-heart-quality/data_processed/PhysioNet2022/training_data/50802_MV.wav,1,0.5228347475926785
/Users/somesh/Desktop/onehearthealth/ast-heart-quality/data_processed/PhysioNet2022/training_data/50802_PV.wav,1,0.48969862304030054
/Users/somesh/Desktop/onehearthealth/ast-heart-quality/data_processed/PhysioNet2022/training_data/50802_TV_1.wav,1,0.4930405122711627
/Users/somesh/Desktop/onehearthealth/ast-heart-quality/data_processed/PhysioNet2022/training_data/50802_TV_2.wav,1,0.5
/Users/somesh/Desktop/onehearthealth/ast-heart-quality/data_processed/PhysioNet2022/training_data/50805_MV.wav,1,0.5
/Users/somesh/Desktop/onehearthealth/ast-heart-quality/data_processed/PhysioNet2022/training_data/50805_PV.wav,1,0.5158019243310046
/Users/somesh/Desktop/onehearthealth/ast-heart-quality/data_processed/PhysioNet2022/training_data/50805_TV.wav,1,0.49010336811634436
/Users/somesh/Desktop/onehearthealth/ast-heart-quality/data_processed/PhysioNet2022/training_data/50807_AV.wav,1,0.49243100656609395
/Users/somesh/Desktop/onehearthealth/ast-heart-quality/data_processed/PhysioNet2022/training_data/50807_MV.wav,1,0.5123576938843153
/Users/somesh/Desktop/onehearthealth/ast-heart-quality/data_processed/PhysioNet2022/training_data/50807_PV.wav,1,0.48932939414685744
/Users/somesh/Desktop/onehearthealth/ast-heart-quality/data_processed/PhysioNet2022/training_data/50807_TV.wav,1,0.5
/Users/somesh/Desktop/onehearthealth/ast-heart-quality/data_processed/PhysioNet2022/training_data/50826_AV.wav,1,0.5
/Users/somesh/Desktop/onehearthealth/ast-heart-quality/data_processed/PhysioNet2022/training_data/50826_MV.wav,1,0.5135842703175847
/Users/somesh/Desktop/onehearthealth/ast-heart-quality/data_processed/PhysioNet2022/training_data/50826_PV.wav,1,0.48854619933953647
/Users/somesh/Desktop/onehearthealth/ast-heart-quality/data_processed/PhysioNet2022/training_data/50826_TV.wav,1,0.5086864406898093
/Users/somesh/Desktop/onehearthealth/ast-heart-quality/data_processed/PhysioNet2022/training_data/55945_AV.wav,1,0.5
/Users/somesh/Desktop/onehearthealth/ast-heart-quality/data_processed/PhysioNet2022/training_data/55945_MV.wav,1,0.5
/Users/somesh/Desktop/onehearthealth/ast-heart-quality/data_processed/PhysioNet2022/training_data/55945_PV.wav,1,0.5
/Users/somesh/Desktop/onehearthealth/ast-heart-quality/data_processed/PhysioNet2022/training_data/55945_TV.wav,1,0.4839373777114053
/Users/somesh/Desktop/onehearthealth/ast-heart-quality/data_processed/PhysioNet2022/training_data/57700_MV.wav,1,0.5165714700246293
/Users/somesh/Desktop/onehearthealth/ast-heart-quality/data_processed/PhysioNet2022/training_data/57700_PV.wav,1,0.5079233780389557
/Users/somesh/Desktop/onehearthealth/ast-heart-quality/data_processed/PhysioNet2022/training_data/57700_TV.wav,1,0.5078808393976395
/Users/somesh/Desktop/onehearthealth/ast-heart-quality/data_processed/PhysioNet2022/training_data/61610_AV.wav,1,0.5
/Users/somesh/Desktop/onehearthealth/ast-heart-quality/data_processed/PhysioNet2022/training_data/61610_MV.wav,1,0.5163413088007114
/Users/somesh/Desktop/onehearthealth/ast-heart-quality/data_processed/PhysioNet2022/training_data/61610_PV.wav,1,0.5208463665495843
/Users/somesh/Desktop/onehearthealth/ast-heart-quality/data_processed/PhysioNet2022/training_data/61610_TV.wav,1,0.5
/Users/somesh/Desktop/onehearthealth/ast-heart-quality/data_processed/PhysioNet2022/training_data/63581_AV.wav,1,0.5119400839732597
/Users/somesh/Desktop/onehearthealth/ast-heart-quality/data_processed/PhysioNet2022/training_data/63581_MV.wav,1,0.5
/Users/somesh/Desktop/onehearthealth/ast-heart-quality/data_processed/PhysioNet2022/training_data/63581_PV.wav,1,0.5167629931575967
/Users/somesh/Desktop/onehearthealth/ast-heart-quality/data_processed/PhysioNet2022/training_data/63581_TV.wav,1,0.4851119915582276
/Users/somesh/Desktop/onehearthealth/ast-heart-quality/data_processed/PhysioNet2022/training_data/68298_AV.wav,1,0.51346468191573
/Users/somesh/Desktop/onehearthealth/ast-heart-quality/data_processed/PhysioNet2022/training_data/68298_MV.wav,1,0.5
/Users/somesh/Desktop/onehearthealth/ast-heart-quality/data_processed/PhysioNet2022/training_data/68303_AV.wav,1,0.5057230703833604
/Users/somesh/Desktop/onehearthealth/ast-heart-quality/data_processed/PhysioNet2022/training_data/68303_MV.wav,1,0.5154491444378007
/Users/somesh/Desktop/onehearthealth/ast-heart-quality/data_processed/PhysioNet2022/training_data/68303_PV.wav,1,0.52127303593748
/Users/somesh/Desktop/onehearthealth/ast-heart-quality/data_processed/PhysioNet2022/training_data/68303_TV.wav,1,0.5070775228062926
/Users/somesh/Desktop/onehearthealth/ast-heart-quality/data_processed/PhysioNet2022/training_data/68318_AV.wav,1,0.5131512924824054
/Users/somesh/Desktop/onehearthealth/ast-heart-quality/data_processed/PhysioNet2022/training_data/68318_MV.wav,1,0.5222736031955005
/Users/somesh/Desktop/onehearthealth/ast-heart-quality/data_processed/PhysioNet2022/training_data/68318_PV.wav,1,0.4781069483179409
/Users/somesh/Desktop/onehearthealth/ast-heart-quality/data_processed/PhysioNet2022/training_data/68318_TV.wav,1,0.5
/Users/somesh/Desktop/onehearthealth/ast-heart-quality/data_processed/PhysioNet2022/training_data/68394_MV.wav,1,0.5
/Users/somesh/Desktop/onehearthealth/ast-heart-quality/data_processed/PhysioNet2022/training_data/68394_PV.wav,1,0.5091901405459753
/Users/somesh/Desktop/onehearthealth/ast-heart-quality/data_processed/PhysioNet2022/training_data/68431_AV.wav,1,0.5
/Users/somesh/Desktop/onehearthealth/ast-heart-quality/data_processed/PhysioNet2022/training_data/68431_MV.wav,1,0.48657687599803257
/Users/somesh/Desktop/onehearthealth/ast-heart-quality/data_processed/PhysioNet2022/training_data/68431_PV.wav,1,0.5084078376641183
/Users/somesh/Desktop/onehearthealth/ast-heart-quality/data_processed/PhysioNet2022/training_data/68431_TV.wav,1,0.5
/Users/somesh/Desktop/onehearthealth/ast-heart-quality/data_processed/PhysioNet2022/training_data/68456_AV.wav,1,0.5154938190103171
/Users/somesh/Desktop/onehearthealth/ast-heart-quality/data_processed/PhysioNet2022/training_data/68456_MV.wav,1,0.5172457964339925
/Users/somesh/Desktop/onehearthealth/ast-heart-quality/data_processed/PhysioNet2022/training_data/68456_PV.wav,1,0.5
/Users/somesh/Desktop/onehearthealth/ast-heart-quality/data_processed/PhysioNet2022/training_data/68456_TV.wav,1,0.4828608363177769
/Users/somesh/Desktop/onehearthealth/ast-heart-quality/data_processed/PhysioNet2022/training_data/68470_MV.wav,1,0.48439705063831223
/Users/somesh/Desktop/onehearthealth/ast-heart-quality/data_processed/PhysioNet2022/training_data/68470_TV.wav,1,0.4886894375255007
/Users/somesh/Desktop/onehearthealth/ast-heart-quality/data_processed/PhysioNet2022/training_data/68532_AV.wav,1,0.5163656610420173
/Users/somesh/Desktop/onehearthealth/ast-heart-quality/data_processed/PhysioNet2022/training_data/68532_MV.wav,1,0.5167909616769577
/Users/somesh/Desktop/onehearthealth/ast-heart-quality/data_processed/PhysioNet2022/training_data/68532_PV.wav,1,0.5
/Users/somesh/Desktop/onehearthealth/ast-heart-quality/data_processed/PhysioNet2022/training_data/68532_TV.wav,1,0.5
/Users/somesh/Desktop/onehearthealth/ast-heart-quality/data_processed/PhysioNet2022/training_data/68632_AV.wav,1,0.49403163700418845
/Users/somesh/Desktop/onehearthealth/ast-heart-quality/data_processed/PhysioNet2022/training_data/68632_PV.wav,1,0.5090620314680515
/Users/somesh/Desktop/onehearthealth/ast-heart-quality/data_processed/PhysioNet2022/training_data/68632_TV.wav,1,0.5180905206551583
/Users/somesh/Desktop/onehearthealth/ast-heart-quality/data_processed/PhysioNet2022/training_data/68708_AV.wav,1,0.5068008244393093
/Users/somesh/Desktop/onehearthealth/ast-heart-quality/data_processed/PhysioNet2022/training_data/68708_MV.wav,1,0.5
/Users/somesh/Desktop/onehearthealth/ast-heart-quality/data_processed/PhysioNet2022/training_data/68708_PV.wav,1,0.5077804469874581
/Users/somesh/Desktop/onehearthealth/ast-heart-quality/data_processed/PhysioNet2022/training_data/68708_TV.wav,1,0.5124268526226284
/Users/somesh/Desktop/onehearthealth/ast-heart-quality/data_processed/PhysioNet2022/training_data/68755_AV.wav,1,0.5
/Users/somesh/Desktop/onehearthealth/ast-heart-quality/data_processed/PhysioNet2022/training_data/68755_MV.wav,1,0.5177092251442977
/Users/somesh/Desktop/onehearthealth/ast-heart-quality/data_processed/PhysioNet2022/training_data/68755_PV.wav,1,0.5
/Users/somesh/Desktop/onehearthealth/ast-heart-quality/data_processed/PhysioNet2022/training_data/68755_TV.wav,1,0.48401738169413633
/Users/somesh/Desktop/onehearthealth/ast-heart-quality/data_processed/PhysioNet2022/training_data/68757_AV.wav,1,0.5
/Users/somesh/Desktop/onehearthealth/ast-heart-quality/data_processed/PhysioNet2022/training_data/68757_PV.wav,1,0.5169836767205364
/Users/somesh/Desktop/onehearthealth/ast-heart-quality/data_processed/PhysioNet2022/training_data/68757_TV.wav,1,0.5
/Users/somesh/Desktop/onehearthealth/ast-heart-quality/data_processed/PhysioNet2022/training_data/68849_AV.wav,1,0.5131829115129273
/Users/somesh/Desktop/onehearthealth/ast-heart-quality/data_processed/PhysioNet2022/training_data/68849_MV.wav,1,0.5070671919917143
/Users/somesh/Desktop/onehearthealth/ast-heart-quality/data_processed/PhysioNet2022/training_data/68849_PV.wav,1,0.5167868481731439
/Users/somesh/Desktop/onehearthealth/ast-heart-quality/data_processed/PhysioNet2022/training_data/68849_TV.wav,1,0.5147345959537204
/Users/somesh/Desktop/onehearthealth/ast-heart-quality/data_processed/PhysioNet2022/training_data/68861_AV.wav,1,0.5
/Users/somesh/Desktop/onehearthealth/ast-heart-quality/data_processed/PhysioNet2022/training_data/68861_MV.wav,1,0.4778804674332037
/Users/somesh/Desktop/onehearthealth/ast-heart-quality/data_processed/PhysioNet2022/training_data/68861_PV.wav,1,0.5
/Users/somesh/Desktop/onehearthealth/ast-heart-quality/data_processed/PhysioNet2022/training_data/68861_TV.wav,1,0.5051502270332288
/Users/somesh/Desktop/onehearthealth/ast-heart-quality/data_processed/PhysioNet2022/training_data/68887_AV.wav,1,0.5
/Users/somesh/Desktop/onehearthealth/ast-heart-quality/data_processed/PhysioNet2022/training_data/68887_MV.wav,1,0.5
/Users/somesh/Desktop/onehearthealth/ast-heart-quality/data_processed/PhysioNet2022/training_data/68887_TV.wav,1,0.48862631564738573
/Users/somesh/Desktop/onehearthealth/ast-heart-quality/data_processed/PhysioNet2022/training_data/68895_AV.wav,1,0.5094528613051283
/Users/somesh/Desktop/onehearthealth/ast-heart-quality/data_processed/PhysioNet2022/training_data/68895_MV.wav,1,0.49389659343219655
/Users/somesh/Desktop/onehearthealth/ast-heart-quality/data_processed/PhysioNet2022/training_data/68895_PV.wav,1,0.5
/Users/somesh/Desktop/onehearthealth/ast-heart-quality/data_processed/PhysioNet2022/training_data/68895_TV.wav,1,0.513074874340564
/Users/somesh/Desktop/onehearthealth/ast-heart-quality/data_processed/PhysioNet2022/training_data/74417_AV.wav,1,0.48255729367749145
/Users/somesh/Desktop/onehearthealth/ast-heart-quality/data_processed/PhysioNet2022/training_data/74417_MV.wav,1,0.5219633028400139
/Users/somesh/Desktop/onehearthealth/ast-heart-quality/data_processed/PhysioNet2022/training_data/74417_PV.wav,1,0.5
/Users/somesh/Desktop/onehearthealth/ast-heart-quality/data_processed/PhysioNet2022/training_data/74417_TV.wav,1,0.48041756824855
/Users/somesh/Desktop/onehearthealth/ast-heart-quality/data_processed/PhysioNet2022/training_data/78280_AV.wav,1,0.5137141032412127
/Users/somesh/Desktop/onehearthealth/ast-heart-quality/data_processed/PhysioNet2022/training_data/78280_MV.wav,1,0.51290148932769
/Users/somesh/Desktop/onehearthealth/ast-heart-quality/data_processed/PhysioNet2022/training_data/84693_AV.wav,1,0.5113095173295736
/Users/somesh/Desktop/onehearthealth/ast-heart-quality/data_processed/PhysioNet2022/training_data/84693_MV.wav,1,0.46396551084756554
/Users/somesh/Desktop/onehearthealth/ast-heart-quality/data_processed/PhysioNet2022/training_data/84693_PV.wav,1,0.5098262383171704
/Users/somesh/Desktop/onehearthealth/ast-heart-quality/data_processed/PhysioNet2022/training_data/84693_TV.wav,1,0.5093302525757908
/Users/somesh/Desktop/onehearthealth/ast-heart-quality/data_processed/PhysioNet2022/training_data/84708_AV.wav,1,0.5110698615069817
/Users/somesh/Desktop/onehearthealth/ast-heart-quality/data_processed/PhysioNet2022/training_data/84708_MV.wav,1,0.5
/Users/somesh/Desktop/onehearthealth/ast-heart-quality/data_processed/PhysioNet2022/training_data/84718_AV.wav,1,0.5
/Users/somesh/Desktop/onehearthealth/ast-heart-quality/data_processed/PhysioNet2022/training_data/84718_MV.wav,1,0.5221275380506664
/Users/somesh/Desktop/onehearthealth/ast-heart-quality/data_processed/PhysioNet2022/training_data/84718_PV.wav,1,0.5086558733984563
/Users/somesh/Desktop/onehearthealth/ast-heart-quality/data_processed/PhysioNet2022/training_data/84718_TV.wav,1,0.5135999151183571
/Users/somesh/Desktop/onehearthealth/ast-heart-quality/data_processed/PhysioNet2022/training_data/84751_AV.wav,1,0.5116217458918539
/Users/somesh/Desktop/onehearthealth/ast-heart-quality/data_processed/PhysioNet2022/training_data/84751_MV.wav,1,0.5191649614864756
/Users/somesh/Desktop/onehearthealth/ast-heart-quality/data_processed/PhysioNet2022/training_data/84751_PV.wav,1,0.5108900444460266
/Users/somesh/Desktop/onehearthealth/ast-heart-quality/data_processed/PhysioNet2022/training_data/84751_TV.wav,1,0.48937498683389513
/Users/somesh/Desktop/onehearthealth/ast-heart-quality/data_processed/PhysioNet2022/training_data/84753_AV.wav,1,0.4820945596621287
/Users/somesh/Desktop/onehearthealth/ast-heart-quality/data_processed/PhysioNet2022/training_data/84753_MV.wav,1,0.5
/Users/somesh/Desktop/onehearthealth/ast-heart-quality/data_processed/PhysioNet2022/training_data/84753_PV.wav,1,0.5089424732913272
/Users/somesh/Desktop/onehearthealth/ast-heart-quality/data_processed/PhysioNet2022/training_data/84753_TV.wav,1,0.5058040346985726
/Users/somesh/Desktop/onehearthealth/ast-heart-quality/data_processed/PhysioNet2022/training_data/84754_AV.wav,1,0.510194160428589
/Users/somesh/Desktop/onehearthealth/ast-heart-quality/data_processed/PhysioNet2022/training_data/84754_MV.wav,1,0.5
/Users/somesh/Desktop/onehearthealth/ast-heart-quality/data_processed/PhysioNet2022/training_data/84754_TV.wav,1,0.5
/Users/somesh/Desktop/onehearthealth/ast-heart-quality/data_processed/PhysioNet2022/training_data/84755_MV.wav,1,0.5
/Users/somesh/Desktop/onehearthealth/ast-heart-quality/data_processed/PhysioNet2022/training_data/84764_AV.wav,1,0.5
/Users/somesh/Desktop/onehearthealth/ast-heart-quality/data_processed/PhysioNet2022/training_data/84764_MV.wav,1,0.5068879870624221
/Users/somesh/Desktop/onehearthealth/ast-heart-quality/data_processed/PhysioNet2022/training_data/84764_PV.wav,1,0.49229368095966547
/Users/somesh/Desktop/onehearthealth/ast-heart-quality/data_processed/PhysioNet2022/training_data/84764_TV.wav,1,0.5
/Users/somesh/Desktop/onehearthealth/ast-heart-quality/data_processed/PhysioNet2022/training_data/84768_PV.wav,1,0.5185647726709094
/Users/somesh/Desktop/onehearthealth/ast-heart-quality/data_processed/PhysioNet2022/training_data/84768_TV.wav,1,0.48189895423010476
/Users/somesh/Desktop/onehearthealth/ast-heart-quality/data_processed/PhysioNet2022/training_data/84769_MV.wav,1,0.5147584502328836
/Users/somesh/Desktop/onehearthealth/ast-heart-quality/data_processed/PhysioNet2022/training_data/84769_PV.wav,1,0.5100983355982596
/Users/somesh/Desktop/onehearthealth/ast-heart-quality/data_processed/PhysioNet2022/training_data/84775_AV.wav,1,0.49323408387798084
/Users/somesh/Desktop/onehearthealth/ast-heart-quality/data_processed/PhysioNet2022/training_data/84775_MV.wav,1,0.4936800709836595
/Users/somesh/Desktop/onehearthealth/ast-heart-quality/data_processed/PhysioNet2022/training_data/84775_PV.wav,1,0.5054428669759043
/Users/somesh/Desktop/onehearthealth/ast-heart-quality/data_processed/PhysioNet2022/training_data/84775_TV.wav,1,0.48893216238069387
/Users/somesh/Desktop/onehearthealth/ast-heart-quality/data_processed/PhysioNet2022/training_data/84779_AV.wav,1,0.5
/Users/somesh/Desktop/onehearthealth/ast-heart-quality/data_processed/PhysioNet2022/training_data/84779_MV.wav,1,0.5276585278193626
/Users/somesh/Desktop/onehearthealth/ast-heart-quality/data_processed/PhysioNet2022/training_data/84779_PV.wav,1,0.5117308780034334
/Users/somesh/Desktop/onehearthealth/ast-heart-quality/data_processed/PhysioNet2022/training_data/84779_TV.wav,1,0.5151591327827519
/Users/somesh/Desktop/onehearthealth/ast-heart-quality/data_processed/PhysioNet2022/training_data/84780_AV.wav,1,0.5089914193768227
/Users/somesh/Desktop/onehearthealth/ast-heart-quality/data_processed/PhysioNet2022/training_data/84780_MV.wav,1,0.5124138347323689
/Users/somesh/Desktop/onehearthealth/ast-heart-quality/data_processed/PhysioNet2022/training_data/84780_PV.wav,1,0.510349167882887
/Users/somesh/Desktop/onehearthealth/ast-heart-quality/data_processed/PhysioNet2022/training_data/84780_TV.wav,1,0.47184455524980556
/Users/somesh/Desktop/onehearthealth/ast-heart-quality/data_processed/PhysioNet2022/training_data/84784_AV.wav,1,0.5087343107587585
/Users/somesh/Desktop/onehearthealth/ast-heart-quality/data_processed/PhysioNet2022/training_data/84784_MV.wav,1,0.4832204129530612
/Users/somesh/Desktop/onehearthealth/ast-heart-quality/data_processed/PhysioNet2022/training_data/84790_AV.wav,1,0.5130386000443112
/Users/somesh/Desktop/onehearthealth/ast-heart-quality/data_processed/PhysioNet2022/training_data/84802_AV.wav,1,0.517405902382309
/Users/somesh/Desktop/onehearthealth/ast-heart-quality/data_processed/PhysioNet2022/training_data/84802_MV.wav,1,0.5
/Users/somesh/Desktop/onehearthealth/ast-heart-quality/data_processed/PhysioNet2022/training_data/84802_PV.wav,1,0.5
/Users/somesh/Desktop/onehearthealth/ast-heart-quality/data_processed/PhysioNet2022/training_data/84802_TV.wav,1,0.5
/Users/somesh/Desktop/onehearthealth/ast-heart-quality/data_processed/PhysioNet2022/training_data/84808_AV.wav,1,0.5084694563317788
/Users/somesh/Desktop/onehearthealth/ast-heart-quality/data_processed/PhysioNet2022/training_data/84808_MV.wav,1,0.5059868836593603
/Users/somesh/Desktop/onehearthealth/ast-heart-quality/data_processed/PhysioNet2022/training_data/84808_PV.wav,1,0.5
/Users/somesh/Desktop/onehearthealth/ast-heart-quality/data_processed/PhysioNet2022/training_data/84808_TV.wav,1,0.5196841011135298
/Users/somesh/Desktop/onehearthealth/ast-heart-quality/data_processed/PhysioNet2022/training_data/84813_AV.wav,1,0.49271519509496353
/Users/somesh/Desktop/onehearthealth/ast-heart-quality/data_processed/PhysioNet2022/training_data/84813_MV.wav,1,0.5296534511737457
/Users/somesh/Desktop/onehearthealth/ast-heart-quality/data_processed/PhysioNet2022/training_data/84813_PV.wav,1,0.4847815345443709
/Users/somesh/Desktop/onehearthealth/ast-heart-quality/data_processed/PhysioNet2022/training_data/84813_TV.wav,1,0.492556219877666
/Users/somesh/Desktop/onehearthealth/ast-heart-quality/data_processed/PhysioNet2022/training_data/84814_AV.wav,1,0.5
/Users/somesh/Desktop/onehearthealth/ast-heart-quality/data_processed/PhysioNet2022/training_data/84814_PV.wav,1,0.515093579869014
/Users/somesh/Desktop/onehearthealth/ast-heart-quality/data_processed/PhysioNet2022/training_data/84815_AV.wav,1,0.5104373447508314
/Users/somesh/Desktop/onehearthealth/ast-heart-quality/data_processed/PhysioNet2022/training_data/84815_MV.wav,1,0.5
/Users/somesh/Desktop/onehearthealth/ast-heart-quality/data_processed/PhysioNet2022/training_data/84815_PV.wav,1,0.5
/Users/somesh/Desktop/onehearthealth/ast-heart-quality/data_processed/PhysioNet2022/training_data/84815_TV.wav,1,0.5
/Users/somesh/Desktop/onehearthealth/ast-heart-quality/data_processed/PhysioNet2022/training_data/84824_AV.wav,1,0.5
/Users/somesh/Desktop/onehearthealth/ast-heart-quality/data_processed/PhysioNet2022/training_data/84824_MV.wav,1,0.5082293649001846
/Users/somesh/Desktop/onehearthealth/ast-heart-quality/data_processed/PhysioNet2022/training_data/84826_AV.wav,1,0.5062667773570798
/Users/somesh/Desktop/onehearthealth/ast-heart-quality/data_processed/PhysioNet2022/training_data/84826_MV.wav,1,0.5
/Users/somesh/Desktop/onehearthealth/ast-heart-quality/data_processed/PhysioNet2022/training_data/84826_PV.wav,1,0.5115496415834584
/Users/somesh/Desktop/onehearthealth/ast-heart-quality/data_processed/PhysioNet2022/training_data/84826_TV.wav,1,0.5
/Users/somesh/Desktop/onehearthealth/ast-heart-quality/data_processed/PhysioNet2022/training_data/84834_AV.wav,1,0.5167820136112548
/Users/somesh/Desktop/onehearthealth/ast-heart-quality/data_processed/PhysioNet2022/training_data/84834_MV.wav,1,0.5095008247283601
/Users/somesh/Desktop/onehearthealth/ast-heart-quality/data_processed/PhysioNet2022/training_data/84834_PV.wav,1,0.5091390644225997
/Users/somesh/Desktop/onehearthealth/ast-heart-quality/data_processed/PhysioNet2022/training_data/84834_TV.wav,1,0.49441831237293743
/Users/somesh/Desktop/onehearthealth/ast-heart-quality/data_processed/PhysioNet2022/training_data/84855_MV.wav,1,0.5097684911011477
/Users/somesh/Desktop/onehearthealth/ast-heart-quality/data_processed/PhysioNet2022/training_data/84855_PV.wav,1,0.49195861991106155
/Users/somesh/Desktop/onehearthealth/ast-heart-quality/data_processed/PhysioNet2022/training_data/84855_TV.wav,1,0.5
/Users/somesh/Desktop/onehearthealth/ast-heart-quality/data_processed/PhysioNet2022/training_data/84856_AV.wav,1,0.5122876302747831
/Users/somesh/Desktop/onehearthealth/ast-heart-quality/data_processed/PhysioNet2022/training_data/84856_MV.wav,1,0.4843051272285188
/Users/somesh/Desktop/onehearthealth/ast-heart-quality/data_processed/PhysioNet2022/training_data/84856_PV.wav,1,0.5113537047010308
/Users/somesh/Desktop/onehearthealth/ast-heart-quality/data_processed/PhysioNet2022/training_data/84856_TV.wav,1,0.4636394877908714
/Users/somesh/Desktop/onehearthealth/ast-heart-quality/data_processed/PhysioNet2022/training_data/84857_AV.wav,1,0.5218588369427922
/Users/somesh/Desktop/onehearthealth/ast-heart-quality/data_processed/PhysioNet2022/training_data/84857_MV.wav,1,0.5128296892195338
/Users/somesh/Desktop/onehearthealth/ast-heart-quality/data_processed/PhysioNet2022/training_data/84868_AV.wav,1,0.5
/Users/somesh/Desktop/onehearthealth/ast-heart-quality/data_processed/PhysioNet2022/training_data/84868_MV.wav,1,0.5205122920411682
/Users/somesh/Desktop/onehearthealth/ast-heart-quality/data_processed/PhysioNet2022/training_data/84868_PV.wav,1,0.5
/Users/somesh/Desktop/onehearthealth/ast-heart-quality/data_processed/PhysioNet2022/training_data/84868_TV.wav,1,0.5182877932859367
/Users/somesh/Desktop/onehearthealth/ast-heart-quality/data_processed/PhysioNet2022/training_data/84874_AV.wav,1,0.5094997490853179
/Users/somesh/Desktop/onehearthealth/ast-heart-quality/data_processed/PhysioNet2022/training_data/84874_MV.wav,1,0.5301832913649033
/Users/somesh/Desktop/onehearthealth/ast-heart-quality/data_processed/PhysioNet2022/training_data/84874_PV.wav,1,0.5053915649381063
/Users/somesh/Desktop/onehearthealth/ast-heart-quality/data_processed/PhysioNet2022/training_data/84874_TV.wav,1,0.5082847840068911
/Users/somesh/Desktop/onehearthealth/ast-heart-quality/data_processed/PhysioNet2022/training_data/84875_PV.wav,1,0.5173358928624066
/Users/somesh/Desktop/onehearthealth/ast-heart-quality/data_processed/PhysioNet2022/training_data/84875_TV.wav,1,0.5186215664751576
/Users/somesh/Desktop/onehearthealth/ast-heart-quality/data_processed/PhysioNet2022/training_data/84876_AV.wav,1,0.5081212458595635
/Users/somesh/Desktop/onehearthealth/ast-heart-quality/data_processed/PhysioNet2022/training_data/84876_MV.wav,1,0.4642890561888348
/Users/somesh/Desktop/onehearthealth/ast-heart-quality/data_processed/PhysioNet2022/training_data/84882_AV.wav,1,0.5
/Users/somesh/Desktop/onehearthealth/ast-heart-quality/data_processed/PhysioNet2022/training_data/84882_MV.wav,1,0.512327255433225
/Users/somesh/Desktop/onehearthealth/ast-heart-quality/data_processed/PhysioNet2022/training_data/84882_PV.wav,1,0.4759433473324789
/Users/somesh/Desktop/onehearthealth/ast-heart-quality/data_processed/PhysioNet2022/training_data/84882_TV.wav,1,0.5058118078886151
/Users/somesh/Desktop/onehearthealth/ast-heart-quality/data_processed/PhysioNet2022/training_data/84883_AV.wav,1,0.5165095852403021
/Users/somesh/Desktop/onehearthealth/ast-heart-quality/data_processed/PhysioNet2022/training_data/84883_MV.wav,1,0.5216276527815731
/Users/somesh/Desktop/onehearthealth/ast-heart-quality/data_processed/PhysioNet2022/training_data/84883_PV.wav,1,0.5160239216228167
/Users/somesh/Desktop/onehearthealth/ast-heart-quality/data_processed/PhysioNet2022/training_data/84883_TV.wav,1,0.4847212381247404
/Users/somesh/Desktop/onehearthealth/ast-heart-quality/data_processed/PhysioNet2022/training_data/84884_AV.wav,1,0.5
/Users/somesh/Desktop/onehearthealth/ast-heart-quality/data_processed/PhysioNet2022/training_data/84884_MV.wav,1,0.5
/Users/somesh/Desktop/onehearthealth/ast-heart-quality/data_processed/PhysioNet2022/training_data/84884_PV.wav,1,0.5316633477636463
/Users/somesh/Desktop/onehearthealth/ast-heart-quality/data_processed/PhysioNet2022/training_data/84884_TV.wav,1,0.5242435825261281
/Users/somesh/Desktop/onehearthealth/ast-heart-quality/data_processed/PhysioNet2022/training_data/84919_PV.wav,1,0.5
/Users/somesh/Desktop/onehearthealth/ast-heart-quality/data_processed/PhysioNet2022/training_data/84919_TV.wav,1,0.5
/Users/somesh/Desktop/onehearthealth/ast-heart-quality/data_processed/PhysioNet2022/training_data/84923_AV.wav,1,0.5
/Users/somesh/Desktop/onehearthealth/ast-heart-quality/data_processed/PhysioNet2022/training_data/84923_MV.wav,1,0.5
/Users/somesh/Desktop/onehearthealth/ast-heart-quality/data_processed/PhysioNet2022/training_data/84923_PV.wav,1,0.5
/Users/somesh/Desktop/onehearthealth/ast-heart-quality/data_processed/PhysioNet2022/training_data/84923_TV.wav,1,0.5057540006773539
/Users/somesh/Desktop/onehearthealth/ast-heart-quality/data_processed/PhysioNet2022/training_data/84942_AV.wav,1,0.48450159774601115
/Users/somesh/Desktop/onehearthealth/ast-heart-quality/data_processed/PhysioNet2022/training_data/84942_PV.wav,1,0.5180019081679662
/Users/somesh/Desktop/onehearthealth/ast-heart-quality/data_processed/PhysioNet2022/training_data/84942_TV.wav,1,0.4932955549537472
/Users/somesh/Desktop/onehearthealth/ast-heart-quality/data_processed/PhysioNet2022/training_data/84946_AV.wav,1,0.4782843738999938
/Users/somesh/Desktop/onehearthealth/ast-heart-quality/data_processed/PhysioNet2022/training_data/84946_MV.wav,1,0.5
/Users/somesh/Desktop/onehearthealth/ast-heart-quality/data_processed/PhysioNet2022/training_data/84946_PV.wav,1,0.5055980838659508
/Users/somesh/Desktop/onehearthealth/ast-heart-quality/data_processed/PhysioNet2022/training_data/84946_TV.wav,1,0.530355181416939
/Users/somesh/Desktop/onehearthealth/ast-heart-quality/data_processed/PhysioNet2022/training_data/84949_AV.wav,1,0.5
/Users/somesh/Desktop/onehearthealth/ast-heart-quality/data_processed/PhysioNet2022/training_data/84949_MV.wav,1,0.5184233117358661
/Users/somesh/Desktop/onehearthealth/ast-heart-quality/data_processed/PhysioNet2022/training_data/84949_PV.wav,1,0.5227393664831507
/Users/somesh/Desktop/onehearthealth/ast-heart-quality/data_processed/PhysioNet2022/training_data/84949_TV.wav,1,0.509622056196628
/Users/somesh/Desktop/onehearthealth/ast-heart-quality/data_processed/PhysioNet2022/training_data/84950_AV.wav,1,0.5
/Users/somesh/Desktop/onehearthealth/ast-heart-quality/data_processed/PhysioNet2022/training_data/84950_PV.wav,1,0.5120858786354129
/Users/somesh/Desktop/onehearthealth/ast-heart-quality/data_processed/PhysioNet2022/training_data/84950_TV.wav,1,0.52032146355967
/Users/somesh/Desktop/onehearthealth/ast-heart-quality/data_processed/PhysioNet2022/training_data/84961_AV.wav,1,0.5172496437375448
/Users/somesh/Desktop/onehearthealth/ast-heart-quality/data_processed/PhysioNet2022/training_data/84961_MV.wav,1,0.5088829016377882
/Users/somesh/Desktop/onehearthealth/ast-heart-quality/data_processed/PhysioNet2022/training_data/84961_PV.wav,1,0.5068109115984185
/Users/somesh/Desktop/onehearthealth/ast-heart-quality/data_processed/PhysioNet2022/training_data/84961_TV.wav,1,0.5052546471336978
/Users/somesh/Desktop/onehearthealth/ast-heart-quality/data_processed/PhysioNet2022/training_data/84962_AV.wav,1,0.49380160733399353
/Users/somesh/Desktop/onehearthealth/ast-heart-quality/data_processed/PhysioNet2022/training_data/84962_MV.wav,1,0.5
/Users/somesh/Desktop/onehearthealth/ast-heart-quality/data_processed/PhysioNet2022/training_data/84962_PV.wav,1,0.5
/Users/somesh/Desktop/onehearthealth/ast-heart-quality/data_processed/PhysioNet2022/training_data/84962_TV.wav,1,0.510545561610302
/Users/somesh/Desktop/onehearthealth/ast-heart-quality/data_processed/PhysioNet2022/training_data/84965_AV.wav,1,0.5094049372961599
/Users/somesh/Desktop/onehearthealth/ast-heart-quality/data_processed/PhysioNet2022/training_data/84965_MV.wav,1,0.5
/Users/somesh/Desktop/onehearthealth/ast-heart-quality/data_processed/PhysioNet2022/training_data/84965_PV.wav,1,0.5060521553089949
/Users/somesh/Desktop/onehearthealth/ast-heart-quality/data_processed/PhysioNet2022/training_data/84965_TV.wav,1,0.5
/Users/somesh/Desktop/onehearthealth/ast-heart-quality/data_processed/PhysioNet2022/training_data/84966_AV.wav,1,0.5246585434652018
/Users/somesh/Desktop/onehearthealth/ast-heart-quality/data_processed/PhysioNet2022/training_data/84966_PV.wav,1,0.48901721064945247
/Users/somesh/Desktop/onehearthealth/ast-heart-quality/data_processed/PhysioNet2022/training_data/84971_MV.wav,1,0.5
/Users/somesh/Desktop/onehearthealth/ast-heart-quality/data_processed/PhysioNet2022/training_data/84971_PV.wav,1,0.517016813459066
/Users/somesh/Desktop/onehearthealth/ast-heart-quality/data_processed/PhysioNet2022/training_data/84971_TV.wav,1,0.5
/Users/somesh/Desktop/onehearthealth/ast-heart-quality/data_processed/PhysioNet2022/training_data/84976_AV.wav,1,0.5238914924592705
/Users/somesh/Desktop/onehearthealth/ast-heart-quality/data_processed/PhysioNet2022/training_data/84976_MV.wav,1,0.5186122834932542
/Users/somesh/Desktop/onehearthealth/ast-heart-quality/data_processed/PhysioNet2022/training_data/84976_PV.wav,1,0.5172720950428217
/Users/somesh/Desktop/onehearthealth/ast-heart-quality/data_processed/PhysioNet2022/training_data/84976_TV.wav,1,0.4946531462283495
/Users/somesh/Desktop/onehearthealth/ast-heart-quality/data_processed/PhysioNet2022/training_data/84991_AV.wav,1,0.48494759179166613
/Users/somesh/Desktop/onehearthealth/ast-heart-quality/data_processed/PhysioNet2022/training_data/84991_MV.wav,1,0.4928648287554944
/Users/somesh/Desktop/onehearthealth/ast-heart-quality/data_processed/PhysioNet2022/training_data/84991_PV.wav,1,0.5
/Users/somesh/Desktop/onehearthealth/ast-heart-quality/data_processed/PhysioNet2022/training_data/84991_TV.wav,1,0.5157689565234855
/Users/somesh/Desktop/onehearthealth/ast-heart-quality/data_processed/PhysioNet2022/training_data/84993_AV.wav,1,0.5067977973180728
/Users/somesh/Desktop/onehearthealth/ast-heart-quality/data_processed/PhysioNet2022/training_data/84993_MV.wav,1,0.494302111248203
/Users/somesh/Desktop/onehearthealth/ast-heart-quality/data_processed/PhysioNet2022/training_data/84993_PV.wav,1,0.5086032413711411
/Users/somesh/Desktop/onehearthealth/ast-heart-quality/data_processed/PhysioNet2022/training_data/84993_TV.wav,1,0.5140458679260915
/Users/somesh/Desktop/onehearthealth/ast-heart-quality/data_processed/PhysioNet2022/training_data/84996_AV.wav,1,0.5090238880900116
/Users/somesh/Desktop/onehearthealth/ast-heart-quality/data_processed/PhysioNet2022/training_data/84996_MV.wav,1,0.5150810421652915
/Users/somesh/Desktop/onehearthealth/ast-heart-quality/data_processed/PhysioNet2022/training_data/84996_PV.wav,1,0.5105630172267506
/Users/somesh/Desktop/onehearthealth/ast-heart-quality/data_processed/PhysioNet2022/training_data/84996_TV.wav,1,0.5137358422977008
/Users/somesh/Desktop/onehearthealth/ast-heart-quality/data_processed/PhysioNet2022/training_data/85012_AV.wav,1,0.4908350337944463
/Users/somesh/Desktop/onehearthealth/ast-heart-quality/data_processed/PhysioNet2022/training_data/85012_MV.wav,1,0.510466418778137
/Users/somesh/Desktop/onehearthealth/ast-heart-quality/data_processed/PhysioNet2022/training_data/85012_PV.wav,1,0.510670959290247
/Users/somesh/Desktop/onehearthealth/ast-heart-quality/data_processed/PhysioNet2022/training_data/85012_TV.wav,1,0.5070572820536846
/Users/somesh/Desktop/onehearthealth/ast-heart-quality/data_processed/PhysioNet2022/training_data/85026_AV.wav,1,0.5106956334046047
/Users/somesh/Desktop/onehearthealth/ast-heart-quality/data_processed/PhysioNet2022/training_data/85026_MV.wav,1,0.5085427976905706
/Users/somesh/Desktop/onehearthealth/ast-heart-quality/data_processed/PhysioNet2022/training_data/85029_AV.wav,1,0.47929201323238263
/Users/somesh/Desktop/onehearthealth/ast-heart-quality/data_processed/PhysioNet2022/training_data/85029_MV.wav,1,0.5111849477527635
/Users/somesh/Desktop/onehearthealth/ast-heart-quality/data_processed/PhysioNet2022/training_data/85029_PV.wav,1,0.5113457099417985
/Users/somesh/Desktop/onehearthealth/ast-heart-quality/data_processed/PhysioNet2022/training_data/85029_TV.wav,1,0.5067182768869897
/Users/somesh/Desktop/onehearthealth/ast-heart-quality/data_processed/PhysioNet2022/training_data/85034_AV.wav,1,0.4889275182922104
/Users/somesh/Desktop/onehearthealth/ast-heart-quality/data_processed/PhysioNet2022/training_data/85034_MV.wav,1,0.5090206639602837
/Users/somesh/Desktop/onehearthealth/ast-heart-quality/data_processed/PhysioNet2022/training_data/85035_AV.wav,1,0.5
/Users/somesh/Desktop/onehearthealth/ast-heart-quality/data_processed/PhysioNet2022/training_data/85035_MV.wav,1,0.5
/Users/somesh/Desktop/onehearthealth/ast-heart-quality/data_processed/PhysioNet2022/training_data/85035_PV.wav,1,0.5117583441100251
/Users/somesh/Desktop/onehearthealth/ast-heart-quality/data_processed/PhysioNet2022/training_data/85035_TV.wav,1,0.5
/Users/somesh/Desktop/onehearthealth/ast-heart-quality/data_processed/PhysioNet2022/training_data/85063_MV.wav,1,0.522927957487313
/Users/somesh/Desktop/onehearthealth/ast-heart-quality/data_processed/PhysioNet2022/training_data/85080_AV.wav,1,0.5122176423876486
/Users/somesh/Desktop/onehearthealth/ast-heart-quality/data_processed/PhysioNet2022/training_data/85080_MV.wav,1,0.5175709236204499
/Users/somesh/Desktop/onehearthealth/ast-heart-quality/data_processed/PhysioNet2022/training_data/85080_PV.wav,1,0.4895391512099732
/Users/somesh/Desktop/onehearthealth/ast-heart-quality/data_processed/PhysioNet2022/training_data/85080_TV.wav,1,0.5
/Users/somesh/Desktop/onehearthealth/ast-heart-quality/data_processed/PhysioNet2022/training_data/85094_AV.wav,1,0.5084051254191893
/Users/somesh/Desktop/onehearthealth/ast-heart-quality/data_processed/PhysioNet2022/training_data/85094_MV.wav,1,0.50865104278323
/Users/somesh/Desktop/onehearthealth/ast-heart-quality/data_processed/PhysioNet2022/training_data/85094_PV.wav,1,0.4724320303834643
/Users/somesh/Desktop/onehearthealth/ast-heart-quality/data_processed/PhysioNet2022/training_data/85094_TV.wav,1,0.5
/Users/somesh/Desktop/onehearthealth/ast-heart-quality/data_processed/PhysioNet2022/training_data/85096_AV.wav,1,0.5071637677239083
/Users/somesh/Desktop/onehearthealth/ast-heart-quality/data_processed/PhysioNet2022/training_data/85096_MV.wav,1,0.48807559203335776
/Users/somesh/Desktop/onehearthealth/ast-heart-quality/data_processed/PhysioNet2022/training_data/85096_PV.wav,1,0.5
/Users/somesh/Desktop/onehearthealth/ast-heart-quality/data_processed/PhysioNet2022/training_data/85096_TV.wav,1,0.4896079572105677
/Users/somesh/Desktop/onehearthealth/ast-heart-quality/data_processed/PhysioNet2022/training_data/85100_AV.wav,1,0.5087612369895461
/Users/somesh/Desktop/onehearthealth/ast-heart-quality/data_processed/PhysioNet2022/training_data/85100_PV.wav,1,0.5139974154397536
/Users/somesh/Desktop/onehearthealth/ast-heart-quality/data_processed/PhysioNet2022/training_data/85102_AV.wav,1,0.46425829594730555
/Users/somesh/Desktop/onehearthealth/ast-heart-quality/data_processed/PhysioNet2022/training_data/85102_MV.wav,1,0.5133393953829962
/Users/somesh/Desktop/onehearthealth/ast-heart-quality/data_processed/PhysioNet2022/training_data/85102_PV.wav,1,0.5
/Users/somesh/Desktop/onehearthealth/ast-heart-quality/data_processed/PhysioNet2022/training_data/85102_TV.wav,1,0.4939540696638774
/Users/somesh/Desktop/onehearthealth/ast-heart-quality/data_processed/PhysioNet2022/training_data/85103_AV.wav,1,0.513541913322614
/Users/somesh/Desktop/onehearthealth/ast-heart-quality/data_processed/PhysioNet2022/training_data/85103_PV.wav,1,0.5275178552405929
/Users/somesh/Desktop/onehearthealth/ast-heart-quality/data_processed/PhysioNet2022/training_data/85103_TV.wav,1,0.5082997868219835
/Users/somesh/Desktop/onehearthealth/ast-heart-quality/data_processed/PhysioNet2022/training_data/85108_AV.wav,1,0.5
/Users/somesh/Desktop/onehearthealth/ast-heart-quality/data_processed/PhysioNet2022/training_data/85108_MV.wav,1,0.5129525651041313
/Users/somesh/Desktop/onehearthealth/ast-heart-quality/data_processed/PhysioNet2022/training_data/85108_PV.wav,1,0.5109768361187932
/Users/somesh/Desktop/onehearthealth/ast-heart-quality/data_processed/PhysioNet2022/training_data/85108_TV.wav,1,0.5
/Users/somesh/Desktop/onehearthealth/ast-heart-quality/data_processed/PhysioNet2022/training_data/85113_AV.wav,1,0.5083601654764477
/Users/somesh/Desktop/onehearthealth/ast-heart-quality/data_processed/PhysioNet2022/training_data/85113_MV.wav,1,0.5195912718191078
/Users/somesh/Desktop/onehearthealth/ast-heart-quality/data_processed/PhysioNet2022/training_data/85113_PV.wav,1,0.49061726247367976
/Users/somesh/Desktop/onehearthealth/ast-heart-quality/data_processed/PhysioNet2022/training_data/85113_TV.wav,1,0.5093042281209751
/Users/somesh/Desktop/onehearthealth/ast-heart-quality/data_processed/PhysioNet2022/training_data/85115_AV.wav,1,0.48052841861549045
/Users/somesh/Desktop/onehearthealth/ast-heart-quality/data_processed/PhysioNet2022/training_data/85115_MV.wav,1,0.5
/Users/somesh/Desktop/onehearthealth/ast-heart-quality/data_processed/PhysioNet2022/training_data/85115_PV.wav,1,0.5086622916887699
/Users/somesh/Desktop/onehearthealth/ast-heart-quality/data_processed/PhysioNet2022/training_data/85115_TV.wav,1,0.5
/Users/somesh/Desktop/onehearthealth/ast-heart-quality/data_processed/PhysioNet2022/training_data/85116_AV.wav,1,0.517267247057045
/Users/somesh/Desktop/onehearthealth/ast-heart-quality/data_processed/PhysioNet2022/training_data/85116_MV.wav,1,0.5
/Users/somesh/Desktop/onehearthealth/ast-heart-quality/data_processed/PhysioNet2022/training_data/85116_PV.wav,1,0.5058329889119617
/Users/somesh/Desktop/onehearthealth/ast-heart-quality/data_processed/PhysioNet2022/training_data/85116_TV.wav,1,0.5219851475703877
/Users/somesh/Desktop/onehearthealth/ast-heart-quality/data_processed/PhysioNet2022/training_data/85118_AV.wav,1,0.5056096247311139
/Users/somesh/Desktop/onehearthealth/ast-heart-quality/data_processed/PhysioNet2022/training_data/85118_MV.wav,1,0.5104216160223257
/Users/somesh/Desktop/onehearthealth/ast-heart-quality/data_processed/PhysioNet2022/training_data/85118_PV.wav,1,0.4752786570982711
/Users/somesh/Desktop/onehearthealth/ast-heart-quality/data_processed/PhysioNet2022/training_data/85118_TV.wav,1,0.5
/Users/somesh/Desktop/onehearthealth/ast-heart-quality/data_processed/PhysioNet2022/training_data/85132_AV.wav,1,0.5
/Users/somesh/Desktop/onehearthealth/ast-heart-quality/data_processed/PhysioNet2022/training_data/85132_MV.wav,1,0.5
/Users/somesh/Desktop/onehearthealth/ast-heart-quality/data_processed/PhysioNet2022/training_data/85132_PV.wav,1,0.5105955214460336
/Users/somesh/Desktop/onehearthealth/ast-heart-quality/data_processed/PhysioNet2022/training_data/85132_TV.wav,1,0.5
/Users/somesh/Desktop/onehearthealth/ast-heart-quality/data_processed/PhysioNet2022/training_data/85161_AV.wav,1,0.5223191448080343
/Users/somesh/Desktop/onehearthealth/ast-heart-quality/data_processed/PhysioNet2022/training_data/85161_MV.wav,1,0.5
/Users/somesh/Desktop/onehearthealth/ast-heart-quality/data_processed/PhysioNet2022/training_data/85161_PV.wav,1,0.5194241457315314
/Users/somesh/Desktop/onehearthealth/ast-heart-quality/data_processed/PhysioNet2022/training_data/85161_TV.wav,1,0.49430489014242407
/Users/somesh/Desktop/onehearthealth/ast-heart-quality/data_processed/PhysioNet2022/training_data/85162_AV.wav,1,0.5059119621198783
/Users/somesh/Desktop/onehearthealth/ast-heart-quality/data_processed/PhysioNet2022/training_data/85162_MV.wav,1,0.4809244912457194
/Users/somesh/Desktop/onehearthealth/ast-heart-quality/data_processed/PhysioNet2022/training_data/85162_PV.wav,1,0.5082605905800477
/Users/somesh/Desktop/onehearthealth/ast-heart-quality/data_processed/PhysioNet2022/training_data/85162_TV.wav,1,0.49319649166073304
/Users/somesh/Desktop/onehearthealth/ast-heart-quality/data_processed/PhysioNet2022/training_data/85163_AV.wav,1,0.5176214306244759
/Users/somesh/Desktop/onehearthealth/ast-heart-quality/data_processed/PhysioNet2022/training_data/85163_MV.wav,1,0.5177470443625078
/Users/somesh/Desktop/onehearthealth/ast-heart-quality/data_processed/PhysioNet2022/training_data/85163_PV.wav,1,0.5207157254521488
/Users/somesh/Desktop/onehearthealth/ast-heart-quality/data_processed/PhysioNet2022/training_data/85163_TV.wav,1,0.5158777743285154
/Users/somesh/Desktop/onehearthealth/ast-heart-quality/data_processed/PhysioNet2022/training_data/85175_AV.wav,1,0.5175379772185362
/Users/somesh/Desktop/onehearthealth/ast-heart-quality/data_processed/PhysioNet2022/training_data/85175_MV.wav,1,0.4901674492649773
/Users/somesh/Desktop/onehearthealth/ast-heart-quality/data_processed/PhysioNet2022/training_data/85175_PV.wav,1,0.5
/Users/somesh/Desktop/onehearthealth/ast-heart-quality/data_processed/PhysioNet2022/training_data/85175_TV.wav,1,0.5
/Users/somesh/Desktop/onehearthealth/ast-heart-quality/data_processed/PhysioNet2022/training_data/85186_AV.wav,1,0.5
/Users/somesh/Desktop/onehearthealth/ast-heart-quality/data_processed/PhysioNet2022/training_data/85186_PV.wav,1,0.4872808699549021
/Users/somesh/Desktop/onehearthealth/ast-heart-quality/data_processed/PhysioNet2022/training_data/85186_TV.wav,1,0.49391258187317205
/Users/somesh/Desktop/onehearthealth/ast-heart-quality/data_processed/PhysioNet2022/training_data/85198_AV.wav,1,0.4819682654642213
/Users/somesh/Desktop/onehearthealth/ast-heart-quality/data_processed/PhysioNet2022/training_data/85198_MV.wav,1,0.5114740289725026
/Users/somesh/Desktop/onehearthealth/ast-heart-quality/data_processed/PhysioNet2022/training_data/85198_PV.wav,1,0.48202911190263353
/Users/somesh/Desktop/onehearthealth/ast-heart-quality/data_processed/PhysioNet2022/training_data/85198_TV.wav,1,0.5157323067214357
/Users/somesh/Desktop/onehearthealth/ast-heart-quality/data_processed/PhysioNet2022/training_data/85207_AV.wav,1,0.514716602089242
/Users/somesh/Desktop/onehearthealth/ast-heart-quality/data_processed/PhysioNet2022/training_data/85207_MV.wav,1,0.48965024278903385
/Users/somesh/Desktop/onehearthealth/ast-heart-quality/data_processed/PhysioNet2022/training_data/85207_PV.wav,1,0.5
/Users/somesh/Desktop/onehearthealth/ast-heart-quality/data_processed/PhysioNet2022/training_data/85207_TV.wav,1,0.5079387361150547
/Users/somesh/Desktop/onehearthealth/ast-heart-quality/data_processed/PhysioNet2022/training_data/85216_AV.wav,1,0.4639698570714215
/Users/somesh/Desktop/onehearthealth/ast-heart-quality/data_processed/PhysioNet2022/training_data/85216_MV.wav,1,0.5145740000327709
/Users/somesh/Desktop/onehearthealth/ast-heart-quality/data_processed/PhysioNet2022/training_data/85216_PV.wav,1,0.5190400306614416
/Users/somesh/Desktop/onehearthealth/ast-heart-quality/data_processed/PhysioNet2022/training_data/85216_TV.wav,1,0.5093550426648366
/Users/somesh/Desktop/onehearthealth/ast-heart-quality/data_processed/PhysioNet2022/training_data/85234_AV.wav,1,0.5135363591214284
/Users/somesh/Desktop/onehearthealth/ast-heart-quality/data_processed/PhysioNet2022/training_data/85234_MV.wav,1,0.5
/Users/somesh/Desktop/onehearthealth/ast-heart-quality/data_processed/PhysioNet2022/training_data/85234_PV.wav,1,0.5
/Users/somesh/Desktop/onehearthealth/ast-heart-quality/data_processed/PhysioNet2022/training_data/85234_TV.wav,1,0.5
/Users/somesh/Desktop/onehearthealth/ast-heart-quality/data_processed/PhysioNet2022/training_data/85236_AV.wav,1,0.49094565146306723
/Users/somesh/Desktop/onehearthealth/ast-heart-quality/data_processed/PhysioNet2022/training_data/85236_MV.wav,1,0.5093601246842255
/Users/somesh/Desktop/onehearthealth/ast-heart-quality/data_processed/PhysioNet2022/training_data/85236_PV.wav,1,0.49302084712508565
/Users/somesh/Desktop/onehearthealth/ast-heart-quality/data_processed/PhysioNet2022/training_data/85236_TV.wav,1,0.4944395460966597
/Users/somesh/Desktop/onehearthealth/ast-heart-quality/data_processed/PhysioNet2022/training_data/85247_AV.wav,1,0.5108082157703417
/Users/somesh/Desktop/onehearthealth/ast-heart-quality/data_processed/PhysioNet2022/training_data/85247_MV.wav,1,0.5059870985256818
/Users/somesh/Desktop/onehearthealth/ast-heart-quality/data_processed/PhysioNet2022/training_data/85247_PV.wav,1,0.4930682807025643
/Users/somesh/Desktop/onehearthealth/ast-heart-quality/data_processed/PhysioNet2022/training_data/85247_TV.wav,1,0.4877863764815511
/Users/somesh/Desktop/onehearthealth/ast-heart-quality/data_processed/PhysioNet2022/training_data/85250_AV.wav,1,0.5050581611111523
/Users/somesh/Desktop/onehearthealth/ast-heart-quality/data_processed/PhysioNet2022/training_data/85250_MV.wav,1,0.510252563928642
/Users/somesh/Desktop/onehearthealth/ast-heart-quality/data_processed/PhysioNet2022/training_data/85250_PV.wav,1,0.5142429533834748
/Users/somesh/Desktop/onehearthealth/ast-heart-quality/data_processed/PhysioNet2022/training_data/85250_TV.wav,1,0.5200163346360396
/Users/somesh/Desktop/onehearthealth/ast-heart-quality/data_processed/PhysioNet2022/training_data/85252_AV.wav,1,0.4793754685095034
/Users/somesh/Desktop/onehearthealth/ast-heart-quality/data_processed/PhysioNet2022/training_data/85252_MV.wav,1,0.5170262694806412
/Users/somesh/Desktop/onehearthealth/ast-heart-quality/data_processed/PhysioNet2022/training_data/85252_PV.wav,1,0.5081911062541781
/Users/somesh/Desktop/onehearthealth/ast-heart-quality/data_processed/PhysioNet2022/training_data/85252_TV.wav,1,0.5175976372917314
/Users/somesh/Desktop/onehearthealth/ast-heart-quality/data_processed/PhysioNet2022/training_data/85258_AV.wav,1,0.5
/Users/somesh/Desktop/onehearthealth/ast-heart-quality/data_processed/PhysioNet2022/training_data/85258_MV.wav,1,0.4838861215492328
/Users/somesh/Desktop/onehearthealth/ast-heart-quality/data_processed/PhysioNet2022/training_data/85258_PV.wav,1,0.4897081411924259
/Users/somesh/Desktop/onehearthealth/ast-heart-quality/data_processed/PhysioNet2022/training_data/85258_TV.wav,1,0.5080747796661065
/Users/somesh/Desktop/onehearthealth/ast-heart-quality/data_processed/PhysioNet2022/training_data/85269_AV.wav,1,0.4915967909923934
/Users/somesh/Desktop/onehearthealth/ast-heart-quality/data_processed/PhysioNet2022/training_data/85269_PV.wav,1,0.5
/Users/somesh/Desktop/onehearthealth/ast-heart-quality/data_processed/PhysioNet2022/training_data/85276_MV.wav,1,0.5051312323235513
/Users/somesh/Desktop/onehearthealth/ast-heart-quality/data_processed/PhysioNet2022/training_data/85277_AV.wav,1,0.5124209126683813
/Users/somesh/Desktop/onehearthealth/ast-heart-quality/data_processed/PhysioNet2022/training_data/85277_MV.wav,1,0.5
/Users/somesh/Desktop/onehearthealth/ast-heart-quality/data_processed/PhysioNet2022/training_data/85277_PV.wav,1,0.5071856127574017
/Users/somesh/Desktop/onehearthealth/ast-heart-quality/data_processed/PhysioNet2022/training_data/85277_TV.wav,1,0.5
/Users/somesh/Desktop/onehearthealth/ast-heart-quality/data_processed/PhysioNet2022/training_data/85278_AV.wav,1,0.520718060427998
/Users/somesh/Desktop/onehearthealth/ast-heart-quality/data_processed/PhysioNet2022/training_data/85278_MV.wav,1,0.5127937313097434
/Users/somesh/Desktop/onehearthealth/ast-heart-quality/data_processed/PhysioNet2022/training_data/85278_PV.wav,1,0.4901039978966176
/Users/somesh/Desktop/onehearthealth/ast-heart-quality/data_processed/PhysioNet2022/training_data/85278_TV.wav,1,0.486170013104231
/Users/somesh/Desktop/onehearthealth/ast-heart-quality/data_processed/PhysioNet2022/training_data/85285_AV.wav,1,0.5080442775870526
/Users/somesh/Desktop/onehearthealth/ast-heart-quality/data_processed/PhysioNet2022/training_data/85285_MV.wav,1,0.5153784448462411
/Users/somesh/Desktop/onehearthealth/ast-heart-quality/data_processed/PhysioNet2022/training_data/85285_PV.wav,1,0.5223570021707544
/Users/somesh/Desktop/onehearthealth/ast-heart-quality/data_processed/PhysioNet2022/training_data/85285_TV.wav,1,0.49227183373805766
/Users/somesh/Desktop/onehearthealth/ast-heart-quality/data_processed/PhysioNet2022/training_data/85293_AV.wav,1,0.5125600315945985
/Users/somesh/Desktop/onehearthealth/ast-heart-quality/data_processed/PhysioNet2022/training_data/85293_MV.wav,1,0.5110188599130586
/Users/somesh/Desktop/onehearthealth/ast-heart-quality/data_processed/PhysioNet2022/training_data/85293_PV.wav,1,0.5086200498462005
/Users/somesh/Desktop/onehearthealth/ast-heart-quality/data_processed/PhysioNet2022/training_data/85293_TV.wav,1,0.5087311929603372
/Users/somesh/Desktop/onehearthealth/ast-heart-quality/data_processed/PhysioNet2022/training_data/85296_AV.wav,1,0.5112753502447294
/Users/somesh/Desktop/onehearthealth/ast-heart-quality/data_processed/PhysioNet2022/training_data/85296_MV.wav,1,0.4748351484709513
/Users/somesh/Desktop/onehearthealth/ast-heart-quality/data_processed/PhysioNet2022/training_data/85296_PV.wav,1,0.5055533108837368
/Users/somesh/Desktop/onehearthealth/ast-heart-quality/data_processed/PhysioNet2022/training_data/85296_TV.wav,1,0.4809761435297289
/Users/somesh/Desktop/onehearthealth/ast-heart-quality/data_processed/PhysioNet2022/training_data/85299_AV.wav,1,0.5117679668437887
/Users/somesh/Desktop/onehearthealth/ast-heart-quality/data_processed/PhysioNet2022/training_data/85299_MV.wav,1,0.4657704795404847
/Users/somesh/Desktop/onehearthealth/ast-heart-quality/data_processed/PhysioNet2022/training_data/85299_PV.wav,1,0.5243093694528037
/Users/somesh/Desktop/onehearthealth/ast-heart-quality/data_processed/PhysioNet2022/training_data/85299_TV.wav,1,0.5174602887131101
/Users/somesh/Desktop/onehearthealth/ast-heart-quality/data_processed/PhysioNet2022/training_data/85301_AV.wav,1,0.5060191857345303
/Users/somesh/Desktop/onehearthealth/ast-heart-quality/data_processed/PhysioNet2022/training_data/85301_MV.wav,1,0.5
/Users/somesh/Desktop/onehearthealth/ast-heart-quality/data_processed/PhysioNet2022/training_data/85301_PV.wav,1,0.4881551979809967
/Users/somesh/Desktop/onehearthealth/ast-heart-quality/data_processed/PhysioNet2022/training_data/85301_TV.wav,1,0.49303344497804513
/Users/somesh/Desktop/onehearthealth/ast-heart-quality/data_processed/PhysioNet2022/training_data/85305_AV.wav,1,0.5053855353552551
/Users/somesh/Desktop/onehearthealth/ast-heart-quality/data_processed/PhysioNet2022/training_data/85305_MV.wav,1,0.5
/Users/somesh/Desktop/onehearthealth/ast-heart-quality/data_processed/PhysioNet2022/training_data/85305_PV.wav,1,0.5
/Users/somesh/Desktop/onehearthealth/ast-heart-quality/data_processed/PhysioNet2022/training_data/85305_TV.wav,1,0.5195413261147749
/Users/somesh/Desktop/onehearthealth/ast-heart-quality/data_processed/PhysioNet2022/training_data/85306_AV.wav,1,0.4691132854611023
/Users/somesh/Desktop/onehearthealth/ast-heart-quality/data_processed/PhysioNet2022/training_data/85306_MV.wav,1,0.4858041926634558
/Users/somesh/Desktop/onehearthealth/ast-heart-quality/data_processed/PhysioNet2022/training_data/85308_AV.wav,1,0.5192430836946537
/Users/somesh/Desktop/onehearthealth/ast-heart-quality/data_processed/PhysioNet2022/training_data/85308_MV.wav,1,0.5105708719867178
/Users/somesh/Desktop/onehearthealth/ast-heart-quality/data_processed/PhysioNet2022/training_data/85308_PV.wav,1,0.5
/Users/somesh/Desktop/onehearthealth/ast-heart-quality/data_processed/PhysioNet2022/training_data/85308_TV.wav,1,0.5
/Users/somesh/Desktop/onehearthealth/ast-heart-quality/data_processed/PhysioNet2022/training_data/85312_AV.wav,1,0.5165774278065837
/Users/somesh/Desktop/onehearthealth/ast-heart-quality/data_processed/PhysioNet2022/training_data/85312_MV.wav,1,0.5310303998008687
/Users/somesh/Desktop/onehearthealth/ast-heart-quality/data_processed/PhysioNet2022/training_data/85312_PV.wav,1,0.5116445756389093
/Users/somesh/Desktop/onehearthealth/ast-heart-quality/data_processed/PhysioNet2022/training_data/85312_TV.wav,1,0.5302672392742008
/Users/somesh/Desktop/onehearthealth/ast-heart-quality/data_processed/PhysioNet2022/training_data/85326_AV.wav,1,0.5
/Users/somesh/Desktop/onehearthealth/ast-heart-quality/data_processed/PhysioNet2022/training_data/85326_MV.wav,1,0.48760121672774437
/Users/somesh/Desktop/onehearthealth/ast-heart-quality/data_processed/PhysioNet2022/training_data/85326_PV.wav,1,0.49182590020262307
/Users/somesh/Desktop/onehearthealth/ast-heart-quality/data_processed/PhysioNet2022/training_data/85326_TV.wav,1,0.5143387376011105
/Users/somesh/Desktop/onehearthealth/ast-heart-quality/data_processed/PhysioNet2022/training_data/85329_AV.wav,1,0.5
/Users/somesh/Desktop/onehearthealth/ast-heart-quality/data_processed/PhysioNet2022/training_data/85329_MV.wav,1,0.5236622820439664
/Users/somesh/Desktop/onehearthealth/ast-heart-quality/data_processed/PhysioNet2022/training_data/85329_PV.wav,1,0.5123128670344509
/Users/somesh/Desktop/onehearthealth/ast-heart-quality/data_processed/PhysioNet2022/training_data/85329_TV.wav,1,0.5148599332102924
/Users/somesh/Desktop/onehearthealth/ast-heart-quality/data_processed/PhysioNet2022/training_data/85334_AV.wav,1,0.5056887352265109
/Users/somesh/Desktop/onehearthealth/ast-heart-quality/data_processed/PhysioNet2022/training_data/85334_MV.wav,1,0.5174710578578572
/Users/somesh/Desktop/onehearthealth/ast-heart-quality/data_processed/PhysioNet2022/training_data/85334_PV.wav,1,0.49416660577302934
/Users/somesh/Desktop/onehearthealth/ast-heart-quality/data_processed/PhysioNet2022/training_data/85334_TV.wav,1,0.5164593941022185
/Users/somesh/Desktop/onehearthealth/ast-heart-quality/data_processed/PhysioNet2022/training_data/85349_AV.wav,1,0.48872868445382667
/Users/somesh/Desktop/onehearthealth/ast-heart-quality/data_processed/PhysioNet2022/training_data/85349_PV.wav,1,0.4905847677486983
/Users/somesh/Desktop/onehearthealth/ast-heart-quality/data_processed/PhysioNet2022/training_data/85349_TV.wav,1,0.5201888499101234
noise,0,0.47820292974957923
noise,0,0.5132805938423044
noise,0,0.5250521782167377
noise,0,0.5
noise,0,0.49175827871493816
noise,0,0.4842149587964545
noise,0,0.5074750898951587
noise,0,0.5130469543287229
noise,0,0.4866114701990378
noise,0,0.5092178498303798
noise,0,0.5
noise,0,0.5
noise,0,0.48745497244193486
noise,0,0.5277077557806781
noise,0,0.5
noise,0,0.5135100486631605
noise,0,0.5
noise,0,0.5219124826387574
noise,0,0.5171309644650788
noise,0,0.5154791499449686
noise,0,0.5194429285933788
noise,0,0.5
noise,0,0.5247383638052032
noise,0,0.5171922585770958
noise,0,0.4843310940694258
noise,0,0.5176781421312247
noise,0,0.5178928485525544
noise,0,0.5166434540980414
noise,0,0.48771311900970044
noise,0,0.5076664582828779
noise,0,0.4879295480829654
noise,0,0.4632735709138557
noise,0,0.5
noise,0,0.5050613611240257
noise,0,0.48482859333933753
noise,0,0.510745249847788
noise,0,0.5067155838475845
noise,0,0.5213594471627844
noise,0,0.4938248742958536
noise,0,0.5111144667068208
noise,0,0.52860200020672
noise,0,0.5
noise,0,0.5
noise,0,0.506248159207431
noise,0,0.48743959237788154
noise,0,0.5069365561167093
noise,0,0.5
noise,0,0.5213592659979281
noise,0,0.5193200076635789
noise,0,0.4872535483826156
noise,0,0.4905640444174783
noise,0,0.5079275905041858
noise,0,0.5068856295515841
noise,0,0.5073998942538352
noise,0,0.509873182168557
noise,0,0.48095694186600874
noise,0,0.5083234330745707
noise,0,0.5
noise,0,0.5
noise,0,0.5
noise,0,0.5055096760359131
noise,0,0.49246755487721144
noise,0,0.5071493014509919
noise,0,0.49352414941802036
noise,0,0.5075702390149059
noise,0,0.5190481470504484
noise,0,0.5137144897755004
noise,0,0.48660006772540587
noise,0,0.5152179465285888
noise,0,0.49270069624077223
noise,0,0.5056941442028924
noise,0,0.5191853684372545
noise,0,0.5155965557829008
noise,0,0.5107314854231969
noise,0,0.5212543163488601
noise,0,0.48228033693957867
noise,0,0.493743369894772
noise,0,0.48609783018759056
noise,0,0.49041059382685304
noise,0,0.4928173148588494
noise,0,0.5153531098873904
noise,0,0.5083020490815534
noise,0,0.5120265268866976
noise,0,0.5243632374724019
noise,0,0.5084892550788037
noise,0,0.5
noise,0,0.5
noise,0,0.5283665313303628
noise,0,0.5072247537436123
noise,0,0.49197872299442813
noise,0,0.5150096942655625
noise,0,0.4813233327044295
noise,0,0.46434790780579605
noise,0,0.5
noise,0,0.49383884632273745
noise,0,0.5185874091634469
noise,0,0.5064421439256059
noise,0,0.5
noise,0,0.5212996553553362
noise,0,0.5
noise,0,0.478167707924797
noise,0,0.507448199158269
noise,0,0.5
noise,0,0.5137345012919621
noise,0,0.515088850422451
noise,0,0.5
noise,0,0.5
noise,0,0.5200596243968946
noise,0,0.5215380796187695
noise,0,0.5078053819368425
noise,0,0.49033067192647917
noise,0,0.5113294542253994
noise,0,0.5199123413068509
noise,0,0.5
noise,0,0.5212541479640741
noise,0,0.5181525439608984
noise,0,0.5
noise,0,0.5119417650503755
noise,0,0.47703472053034485
noise,0,0.4913180468579859
noise,0,0.5211667594230494
noise,0,0.5092418876714708
noise,0,0.5056306488121199
noise,0,0.5
noise,0,0.5
noise,0,0.5
noise,0,0.510067876281746
noise,0,0.5
noise,0,0.5174564275709121
noise,0,0.5188206609986128
noise,0,0.5
noise,0,0.5089129397236596
noise,0,0.5143114443876434
noise,0,0.4911307820789168
noise,0,0.5116870359899943
noise,0,0.5053782839112431
noise,0,0.5
noise,0,0.49306814656321024
noise,0,0.5085902648500787
noise,0,0.5092829220680919
noise,0,0.5187071317637624
noise,0,0.5134163235158807
noise,0,0.5113878706812177
noise,0,0.5251507985032329
noise,0,0.4919127844559191
noise,0,0.4940961228764174
noise,0,0.5239511794513524
noise,0,0.5107188650336126
noise,0,0.5125700950769355
noise,0,0.5144995877832818
noise,0,0.5
noise,0,0.5
noise,0,0.5
noise,0,0.48093681230518914
noise,0,0.5150653100084961
noise,0,0.515858096793881
noise,0,0.5203667826777217
noise,0,0.5080490814115823
noise,0,0.5175216511431407
noise,0,0.49287065325147666
noise,0,0.513975715727544
noise,0,0.5057672483153864
noise,0,0.4657238023136051
noise,0,0.48131749795524426
noise,0,0.47747107694085
noise,0,0.5146017179149203
noise,0,0.48581044861797257
noise,0,0.5141671909603694
noise,0,0.48989010720316895
noise,0,0.5167841974228055
noise,0,0.5077465844360555
noise,0,0.513923532089486
noise,0,0.4896335526852302
noise,0,0.5
noise,0,0.4896610999958539
noise,0,0.5098280056893734
noise,0,0.49152011970347714
noise,0,0.5158326565003509
noise,0,0.5091134482405625
noise,0,0.506764164285338
noise,0,0.5
noise,0,0.5095969792095015
noise,0,0.5082738290442417
noise,0,0.5187568273640131
noise,0,0.5
noise,0,0.5215380796187695
noise,0,0.4890388988798159
noise,0,0.5204577741655476
noise,0,0.514650658508237
noise,0,0.5
noise,0,0.4880704824333289
noise,0,0.48515096578790406
noise,0,0.5108881429505574
noise,0,0.48536958746615577
noise,0,0.5104635974503389
noise,0,0.5
noise,0,0.5073454822321507
noise,0,0.5142278540565837
noise,0,0.5180295618766306
noise,0,0.4816755646737325
noise,0,0.5068959519929135
noise,0,0.5
noise,0,0.5211155117440198
noise,0,0.5
noise,0,0.5
noise,0,0.5
noise,0,0.5190540759486719
noise,0,0.5106629979169719
noise,0,0.5127291605158729
noise,0,0.5
noise,0,0.5266634796729995
noise,0,0.5259700333725428
noise,0,0.48498825852140226
noise,0,0.5186513330849504
noise,0,0.5
noise,0,0.515899323958987
noise,0,0.4876245787080235
noise,0,0.5084691341899226
noise,0,0.4782325231289417
noise,0,0.5
noise,0,0.5152747777344735
noise,0,0.5056800025375436
noise,0,0.5
noise,0,0.5156414160809459
noise,0,0.5
noise,0,0.5174322880346366
noise,0,0.5135292710027552
noise,0,0.50583640875403
noise,0,0.4909694410177657
noise,0,0.48773041835521763
noise,0,0.5163485419066962
noise,0,0.516263190322101
noise,0,0.49206048912023137
noise,0,0.49432190461165565
noise,0,0.5165688816362299
noise,0,0.4809931157624294
noise,0,0.5
noise,0,0.5100692379867195
noise,0,0.5050651018132211
noise,0,0.5
noise,0,0.5
noise,0,0.4933521697750634
noise,0,0.5189928482191949
noise,0,0.4871037211738888
noise,0,0.48618772168696583
noise,0,0.4917591575868459
noise,0,0.5
noise,0,0.5
noise,0,0.5144101049325563
noise,0,0.51469536385644
noise,0,0.5136031076322876
noise,0,0.5109843666595596
noise,0,0.506522280287448
noise,0,0.513546194863508
noise,0,0.513310635172308
noise,0,0.513053208520108
noise,0,0.5072286869663307
noise,0,0.5
noise,0,0.479208191640934
noise,0,0.5149048575253696
noise,0,0.5
noise,0,0.5109443402704811
noise,0,0.5103880385201439
noise,0,0.4838257544111449
noise,0,0.48576155297582363
noise,0,0.49442093446594354
noise,0,0.5
noise,0,0.5
noise,0,0.5059463687526282
noise,0,0.5212362385590373
noise,0,0.5
noise,0,0.4945589381897402
noise,0,0.5
noise,0,0.5153323782126854
noise,0,0.5253640295315551
noise,0,0.4888556815051919
noise,0,0.5062149796015356
noise,0,0.48875273986209505
noise,0,0.4801130676315827
noise,0,0.4932851491249664
noise,0,0.5
noise,0,0.4728222758633346
noise,0,0.5
noise,0,0.5229272180425883
noise,0,0.49007189960476716
noise,0,0.5
noise,0,0.5
noise,0,0.5
noise,0,0.5215723405538695
noise,0,0.48780970837267185
noise,0,0.4879174716922681
noise,0,0.5111174365171167
noise,0,0.5170997780527905
noise,0,0.5232180775733444
noise,0,0.5
noise,0,0.49295279415650634
noise,0,0.5151563713422054
noise,0,0.5148969111354944
noise,0,0.48505393585581674
noise,0,0.5
noise,0,0.5
noise,0,0.5
noise,0,0.5
noise,0,0.48792670232680385
noise,0,0.506241348532435
noise,0,0.5108348464016585
noise,0,0.5
noise,0,0.5197884615855183
noise,0,0.4748282023903674
noise,0,0.48127734691036395
noise,0,0.5
noise,0,0.5
noise,0,0.5
noise,0,0.5154075438499143
noise,0,0.49015182375269384
noise,0,0.5193080708793092
noise,0,0.5301704712836802
noise,0,0.5
noise,0,0.5
noise,0,0.51991805398027
noise,0,0.5
noise,0,0.5142426989277747
noise,0,0.5064133858431749
noise,0,0.5
noise,0,0.514748850017698
noise,0,0.5
noise,0,0.5097209435670845
noise,0,0.5069148522688743
noise,0,0.5
noise,0,0.5065850786523927
noise,0,0.5142953407191053
noise,0,0.48329187826827835
noise,0,0.5144866092705037
noise,0,0.4931679759920378
noise,0,0.51930992556185
noise,0,0.4860350148764035
noise,0,0.5093135240871851
noise,0,0.5056491800721177
noise,0,0.48048763805394734
noise,0,0.4893004563883453
noise,0,0.48952058647021784
noise,0,0.5056083036352745
noise,0,0.5073921229719383
noise,0,0.5
noise,0,0.5126550160387928
noise,0,0.48342361008600304
noise,0,0.5180667153421245
noise,0,0.48762750147221867
noise,0,0.5
noise,0,0.48189172419228804
noise,0,0.5158919247467368
noise,0,0.4855587385487075
noise,0,0.5
noise,0,0.4831956937436213
noise,0,0.5134746871870531
noise,0,0.49293709367039024
noise,0,0.5145653124558107
noise,0,0.5053976783322425
noise,0,0.48438861124684407
noise,0,0.5246207982094264
noise,0,0.49282289178454863
noise,0,0.5109255591795506
noise,0,0.4941845478294819
noise,0,0.4899630478866616
noise,0,0.519724145021972
noise,0,0.5059586077615408
noise,0,0.4909479462239579
noise,0,0.491845069805419
noise,0,0.4781737155096578
noise,0,0.5138781016079101
noise,0,0.5169791149865821
noise,0,0.5117620650153699
noise,0,0.48215273724799473
noise,0,0.5
noise,0,0.508614209799224
noise,0,0.5
noise,0,0.5
noise,0,0.5231720723609986
noise,0,0.5
noise,0,0.5234217592570563
noise,0,0.4934178215421438
noise,0,0.48233822749688915
noise,0,0.4879114619966106
noise,0,0.516978173958778
noise,0,0.47852726582669985
noise,0,0.5
noise,0,0.5257747984480542
noise,0,0.515496351814872
noise,0,0.49350999751358193
noise,0,0.4901326266626062
noise,0,0.508621896706424
noise,0,0.5109551245027307
noise,0,0.5222287424998396
noise,0,0.5066793849017305
noise,0,0.5245075594241212
noise,0,0.4632584610107131
noise,0,0.5
noise,0,0.5116002658303832
noise,0,0.48881877191919937
noise,0,0.5
noise,0,0.48421831319294045
noise,0,0.5095540789603314
noise,0,0.5078527464670292
noise,0,0.5050212393213679
noise,0,0.5151236657913085
noise,0,0.49163564877953186
noise,0,0.5071201844216657
noise,0,0.5191686158534469
noise,0,0.5
noise,0,0.4792551960225219
noise,0,0.5
noise,0,0.5182683563842841
noise,0,0.5181751474080077
noise,0,0.4933246136167562
noise,0,0.4868489297233123
noise,0,0.4911398805283714
noise,0,0.5150522349574017
noise,0,0.5056742616553691
noise,0,0.5055236899161807
noise,0,0.5164537062499217
noise,0,0.4752409700809577
noise,0,0.508281719274137
noise,0,0.5119171279008822
noise,0,0.517881634154333
noise,0,0.4875922879707979
noise,0,0.5152504402841519
noise,0,0.48961680934485263
noise,0,0.4946097606509321
noise,0,0.5123399180383656
noise,0,0.4869219964626697
noise,0,0.4862052991170559
noise,0,0.5136761852004778
noise,0,0.5234748215208679
noise,0,0.5
noise,0,0.5194305046210466
noise,0,0.5088108972404214
noise,0,0.5279930349143729
noise,0,0.5091614297415923
noise,0,0.5
noise,0,0.5
noise,0,0.4874559964311199
noise,0,0.5261579447719031
noise,0,0.5
noise,0,0.493647035717986
noise,0,0.5080516134134091
noise,0,0.49085091726199775
noise,0,0.5
noise,0,0.5257639511076142
noise,0,0.510561829297638
noise,0,0.5060523399164832
noise,0,0.4837896083729638
noise,0,0.480054980962876
noise,0,0.5059289043166809
noise,0,0.4694254757330352
noise,0,0.5
noise,0,0.5
noise,0,0.49371665200484255
noise,0,0.5
noise,0,0.4901678281723022
noise,0,0.5144555357887834
noise,0,0.4939401412795764
noise,0,0.5252415562845487
noise,0,0.49126191321812496
noise,0,0.5
noise,0,0.5134807293534995
noise,0,0.5
noise,0,0.5128334174171404
noise,0,0.5141320073230033
noise,0,0.5
noise,0,0.5051092689813329
noise,0,0.5061274461948336
noise,0,0.5103123432647709
noise,0,0.5153113514499936
noise,0,0.5
noise,0,0.4876901787572555
noise,0,0.47987597183222447
noise,0,0.5
noise,0,0.5142589020500825
noise,0,0.49376553035091203
noise,0,0.5
noise,0,0.5088823466153013
noise,0,0.5154017739790522
noise,0,0.5107797959548214
noise,0,0.49033067192647917
noise,0,0.48773782240365043
noise,0,0.5148266165120186
noise,0,0.48964849839886415
noise,0,0.48915773690746184
noise,0,0.509723530697281
noise,0,0.5163473152409234
noise,0,0.4872491172163158
noise,0,0.4858047608182343
noise,0,0.4890934838734773
noise,0,0.5206104927470278
noise,0,0.5080816921115251
noise,0,0.5091236435715285
noise,0,0.5
noise,0,0.5114037989453927
noise,0,0.47783048531226774
noise,0,0.510142931669247
noise,0,0.4889563553860969
noise,0,0.4785327171436032
noise,0,0.5168815206823558
noise,0,0.4907720663015554
noise,0,0.519509965597168
noise,0,0.4944584732663158
noise,0,0.5155861421077266
noise,0,0.5158763651836458
noise,0,0.5079631503937623
noise,0,0.5
noise,0,0.5
noise,0,0.5182480792756892
noise,0,0.5
noise,0,0.5075124682006081
noise,0,0.5112790523326654
noise,0,0.5094823445395441
noise,0,0.5134186073759278
noise,0,0.5141620564148233
noise,0,0.4938635857978295
noise,0,0.5149057519715928
noise,0,0.47867599602059646
noise,0,0.525806004972172
noise,0,0.5
noise,0,0.5155441026539621
noise,0,0.5213443424450535
noise,0,0.46403400804870637
noise,0,0.5
noise,0,0.4943772797156204
noise,0,0.5117054187068878
noise,0,0.49462763621633854
noise,0,0.49241244017032965
noise,0,0.5
noise,0,0.5
noise,0,0.5153357383800157
noise,0,0.5
noise,0,0.5262437037617398
noise,0,0.5168714032014561
noise,0,0.47852955755060383
noise,0,0.47886165677118947
noise,0,0.5
noise,0,0.5125275819912073
noise,0,0.5147344468024281
noise,0,0.49381384998825156
noise,0,0.5141414262922106
noise,0,0.5153570725000662
noise,0,0.5
noise,0,0.5191686158534469
noise,0,0.5
noise,0,0.5160117665179688
noise,0,0.5149774018770691
noise,0,0.5077401301821486
noise,0,0.5
noise,0,0.4636443520101967
noise,0,0.5057090444599734
noise,0,0.5221040442876225
noise,0,0.5073187659752607
noise,0,0.5131348246730509
noise,0,0.4912084314506882
noise,0,0.49161006335732366
noise,0,0.5224577418728514
noise,0,0.5
noise,0,0.4938591867727174
noise,0,0.5079244279207208
noise,0,0.5097556402162082
noise,0,0.5159264533225083
noise,0,0.5097523412597323
noise,0,0.5
noise,0,0.5178682158668768
noise,0,0.5
noise,0,0.48734845940465527
noise,0,0.49222028546070595
noise,0,0.5134451466925132
noise,0,0.5189317278523302
noise,0,0.5144808330676688
noise,0,0.5191386931813323
noise,0,0.5
noise,0,0.4671561569385104
noise,0,0.5220761755369594
noise,0,0.48439305124971005
noise,0,0.5132184483656371
noise,0,0.46910238124646997
noise,0,0.4888982970453172
noise,0,0.5092088991525918
noise,0,0.5
noise,0,0.5
noise,0,0.5
noise,0,0.49360414980540035
noise,0,0.5186196486703235
noise,0,0.5
noise,0,0.5050610447364161
noise,0,0.5151394119913584
noise,0,0.5129084371984823
noise,0,0.5
noise,0,0.5085657447949795
noise,0,0.4803432078890607
noise,0,0.527126479363531
noise,0,0.5117973258112104
noise,0,0.5
noise,0,0.5070222270486591
noise,0,0.5
noise,0,0.5142344830880328
noise,0,0.5171726463550866
noise,0,0.5241811280378956
noise,0,0.4751588739579524
noise,0,0.4840956730873351
noise,0,0.5097993333543456
noise,0,0.5195623713098687
noise,0,0.49442046740963647
noise,0,0.5093110541121457
noise,0,0.4921713647353105
noise,0,0.5
noise,0,0.5128695291688208
noise,0,0.5
noise,0,0.5
noise,0,0.5120470315831869
noise,0,0.5201659859994816
noise,0,0.5
noise,0,0.5079625112301023
noise,0,0.5058613450397433
noise,0,0.5091192175949164
noise,0,0.5
noise,0,0.5195260383787199
noise,0,0.5
noise,0,0.5100802533006071
noise,0,0.5176423649845177
noise,0,0.5
noise,0,0.5173951888599789
noise,0,0.5
noise,0,0.5093560201747817
noise,0,0.5108871798493558
noise,0,0.5104457279081303
noise,0,0.4826505831953845
noise,0,0.5
noise,0,0.5115287464818947
noise,0,0.513374117547942
noise,0,0.4672577187357419
noise,0,0.5
